1900.00  -0.0072171   0.0476695
1900.05  -0.0072563   0.0478743
1900.10  -0.0072964   0.0480795
1900.15  -0.0073375   0.0482849
1900.20  -0.0073796   0.0484907
1900.25  -0.0074227   0.0486968
1900.30  -0.0074668   0.0489031
1900.35  -0.0075118   0.0491097
1900.40  -0.0075579   0.0493166
1900.45  -0.0076050   0.0495237
1900.50  -0.0076531   0.0497311
1900.55  -0.0077023   0.0499387
1900.60  -0.0077524   0.0501465
1900.65  -0.0078036   0.0503546
1900.70  -0.0078559   0.0505628
1900.75  -0.0079092   0.0507712
1900.80  -0.0079635   0.0509798
1900.85  -0.0080189   0.0511886
1900.90  -0.0080754   0.0513975
1900.95  -0.0081329   0.0516066
1901.00  -0.0081915   0.0518158
1901.05  -0.0082512   0.0520251
1901.10  -0.0083119   0.0522346
1901.15  -0.0083737   0.0524442
1901.20  -0.0084366   0.0526538
1901.25  -0.0085006   0.0528636
1901.30  -0.0085657   0.0530734
1901.35  -0.0086318   0.0532833
1901.40  -0.0086991   0.0534932
1901.45  -0.0087674   0.0537033
1901.50  -0.0088368   0.0539133
1901.55  -0.0089073   0.0541234
1901.60  -0.0089788   0.0543335
1901.65  -0.0090515   0.0545436
1901.70  -0.0091252   0.0547537
1901.75  -0.0092001   0.0549639
1901.80  -0.0092760   0.0551740
1901.85  -0.0093529   0.0553841
1901.90  -0.0094310   0.0555942
1901.95  -0.0095101   0.0558043
1902.00  -0.0095903   0.0560143
1902.05  -0.0096716   0.0562243
1902.10  -0.0097539   0.0564342
1902.15  -0.0098373   0.0566441
1902.20  -0.0099217   0.0568539
1902.25  -0.0100071   0.0570637
1902.30  -0.0100936   0.0572734
1902.35  -0.0101811   0.0574830
1902.40  -0.0102696   0.0576926
1902.45  -0.0103592   0.0579020
1902.50  -0.0104497   0.0581114
1902.55  -0.0105412   0.0583207
1902.60  -0.0106338   0.0585299
1902.65  -0.0107272   0.0587391
1902.70  -0.0108217   0.0589481
1902.75  -0.0109170   0.0591570
1902.80  -0.0110134   0.0593659
1902.85  -0.0111106   0.0595746
1902.90  -0.0112087   0.0597833
1902.95  -0.0113078   0.0599918
1903.00  -0.0114077   0.0602003
1903.05  -0.0115085   0.0604087
1903.10  -0.0116101   0.0606170
1903.15  -0.0117125   0.0608252
1903.20  -0.0118158   0.0610334
1903.25  -0.0119199   0.0612414
1903.30  -0.0120247   0.0614494
1903.35  -0.0121303   0.0616573
1903.40  -0.0122366   0.0618652
1903.45  -0.0123437   0.0620729
1903.50  -0.0124514   0.0622807
1903.55  -0.0125598   0.0624884
1903.60  -0.0126689   0.0626960
1903.65  -0.0127786   0.0629037
1903.70  -0.0128889   0.0631113
1903.75  -0.0129998   0.0633189
1903.80  -0.0131112   0.0635265
1903.85  -0.0132232   0.0637341
1903.90  -0.0133357   0.0639417
1903.95  -0.0134487   0.0641493
1904.00  -0.0135621   0.0643570
1904.05  -0.0136759   0.0645647
1904.10  -0.0137901   0.0647725
1904.15  -0.0139047   0.0649804
1904.20  -0.0140197   0.0651884
1904.25  -0.0141349   0.0653965
1904.30  -0.0142505   0.0656047
1904.35  -0.0143662   0.0658130
1904.40  -0.0144822   0.0660215
1904.45  -0.0145984   0.0662301
1904.50  -0.0147147   0.0664389
1904.55  -0.0148312   0.0666479
1904.60  -0.0149477   0.0668572
1904.65  -0.0150643   0.0670666
1904.70  -0.0151809   0.0672763
1904.75  -0.0152975   0.0674863
1904.80  -0.0154140   0.0676966
1904.85  -0.0155305   0.0679071
1904.90  -0.0156468   0.0681180
1904.95  -0.0157630   0.0683292
1905.00  -0.0158790   0.0685408
1905.05  -0.0159947   0.0687528
1905.10  -0.0161102   0.0689651
1905.15  -0.0162254   0.0691779
1905.20  -0.0163402   0.0693911
1905.25  -0.0164547   0.0696047
1905.30  -0.0165688   0.0698189
1905.35  -0.0166823   0.0700335
1905.40  -0.0167954   0.0702486
1905.45  -0.0169080   0.0704643
1905.50  -0.0170200   0.0706805
1905.55  -0.0171314   0.0708973
1905.60  -0.0172421   0.0711147
1905.65  -0.0173522   0.0713327
1905.70  -0.0174616   0.0715514
1905.75  -0.0175701   0.0717707
1905.80  -0.0176779   0.0719906
1905.85  -0.0177849   0.0722113
1905.90  -0.0178910   0.0724326
1905.95  -0.0179961   0.0726546
1906.00  -0.0181003   0.0728774
1906.05  -0.0182036   0.0731010
1906.10  -0.0183058   0.0733253
1906.15  -0.0184069   0.0735504
1906.20  -0.0185070   0.0737763
1906.25  -0.0186059   0.0740030
1906.30  -0.0187036   0.0742305
1906.35  -0.0188001   0.0744589
1906.40  -0.0188954   0.0746881
1906.45  -0.0189895   0.0749182
1906.50  -0.0190822   0.0751491
1906.55  -0.0191735   0.0753810
1906.60  -0.0192635   0.0756137
1906.65  -0.0193521   0.0758473
1906.70  -0.0194392   0.0760818
1906.75  -0.0195249   0.0763172
1906.80  -0.0196090   0.0765536
1906.85  -0.0196916   0.0767908
1906.90  -0.0197727   0.0770290
1906.95  -0.0198521   0.0772681
1907.00  -0.0199299   0.0775081
1907.05  -0.0200061   0.0777490
1907.10  -0.0200805   0.0779909
1907.15  -0.0201533   0.0782337
1907.20  -0.0202243   0.0784773
1907.25  -0.0202936   0.0787219
1907.30  -0.0203610   0.0789674
1907.35  -0.0204267   0.0792138
1907.40  -0.0204905   0.0794610
1907.45  -0.0205525   0.0797091
1907.50  -0.0206126   0.0799581
1907.55  -0.0206708   0.0802079
1907.60  -0.0207271   0.0804585
1907.65  -0.0207814   0.0807100
1907.70  -0.0208338   0.0809622
1907.75  -0.0208842   0.0812152
1907.80  -0.0209327   0.0814689
1907.85  -0.0209791   0.0817234
1907.90  -0.0210235   0.0819786
1907.95  -0.0210659   0.0822344
1908.00  -0.0211062   0.0824909
1908.05  -0.0211445   0.0827480
1908.10  -0.0211807   0.0830057
1908.15  -0.0212148   0.0832639
1908.20  -0.0212469   0.0835227
1908.25  -0.0212769   0.0837820
1908.30  -0.0213047   0.0840417
1908.35  -0.0213305   0.0843018
1908.40  -0.0213541   0.0845623
1908.45  -0.0213756   0.0848232
1908.50  -0.0213950   0.0850843
1908.55  -0.0214123   0.0853457
1908.60  -0.0214275   0.0856073
1908.65  -0.0214405   0.0858690
1908.70  -0.0214514   0.0861309
1908.75  -0.0214602   0.0863928
1908.80  -0.0214669   0.0866548
1908.85  -0.0214714   0.0869167
1908.90  -0.0214738   0.0871785
1908.95  -0.0214742   0.0874402
1909.00  -0.0214724   0.0877017
1909.05  -0.0214685   0.0879629
1909.10  -0.0214625   0.0882239
1909.15  -0.0214544   0.0884845
1909.20  -0.0214443   0.0887446
1909.25  -0.0214321   0.0890043
1909.30  -0.0214178   0.0892634
1909.35  -0.0214015   0.0895220
1909.40  -0.0213831   0.0897799
1909.45  -0.0213628   0.0900370
1909.50  -0.0213404   0.0902934
1909.55  -0.0213160   0.0905489
1909.60  -0.0212896   0.0908035
1909.65  -0.0212612   0.0910572
1909.70  -0.0212309   0.0913098
1909.75  -0.0211986   0.0915613
1909.80  -0.0211645   0.0918116
1909.85  -0.0211284   0.0920607
1909.90  -0.0210904   0.0923084
1909.95  -0.0210505   0.0925549
1910.00  -0.0210088   0.0927998
1910.05  -0.0209652   0.0930433
1910.10  -0.0209198   0.0932852
1910.15  -0.0208726   0.0935255
1910.20  -0.0208236   0.0937641
1910.25  -0.0207729   0.0940010
1910.30  -0.0207204   0.0942360
1910.35  -0.0206662   0.0944691
1910.40  -0.0206103   0.0947003
1910.45  -0.0205527   0.0949294
1910.50  -0.0204934   0.0951565
1910.55  -0.0204325   0.0953814
1910.60  -0.0203700   0.0956042
1910.65  -0.0203059   0.0958247
1910.70  -0.0202402   0.0960428
1910.75  -0.0201729   0.0962586
1910.80  -0.0201041   0.0964719
1910.85  -0.0200338   0.0966828
1910.90  -0.0199620   0.0968911
1910.95  -0.0198887   0.0970968
1911.00  -0.0198140   0.0972998
1911.05  -0.0197378   0.0975001
1911.10  -0.0196603   0.0976977
1911.15  -0.0195813   0.0978925
1911.20  -0.0195010   0.0980844
1911.25  -0.0194194   0.0982734
1911.30  -0.0193364   0.0984594
1911.35  -0.0192522   0.0986425
1911.40  -0.0191666   0.0988225
1911.45  -0.0190798   0.0989995
1911.50  -0.0189918   0.0991733
1911.55  -0.0189025   0.0993440
1911.60  -0.0188121   0.0995116
1911.65  -0.0187204   0.0996759
1911.70  -0.0186277   0.0998369
1911.75  -0.0185337   0.0999947
1911.80  -0.0184387   0.1001492
1911.85  -0.0183426   0.1003004
1911.90  -0.0182454   0.1004482
1911.95  -0.0181471   0.1005926
1912.00  -0.0180478   0.1007337
1912.05  -0.0179474   0.1008713
1912.10  -0.0178460   0.1010055
1912.15  -0.0177437   0.1011363
1912.20  -0.0176404   0.1012636
1912.25  -0.0175361   0.1013875
1912.30  -0.0174309   0.1015079
1912.35  -0.0173247   0.1016249
1912.40  -0.0172176   0.1017383
1912.45  -0.0171097   0.1018484
1912.50  -0.0170008   0.1019549
1912.55  -0.0168911   0.1020580
1912.60  -0.0167805   0.1021576
1912.65  -0.0166691   0.1022538
1912.70  -0.0165569   0.1023465
1912.75  -0.0164438   0.1024359
1912.80  -0.0163300   0.1025218
1912.85  -0.0162153   0.1026043
1912.90  -0.0160999   0.1026834
1912.95  -0.0159837   0.1027592
1913.00  -0.0158667   0.1028317
1913.05  -0.0157490   0.1029009
1913.10  -0.0156305   0.1029667
1913.15  -0.0155113   0.1030294
1913.20  -0.0153914   0.1030888
1913.25  -0.0152708   0.1031450
1913.30  -0.0151495   0.1031981
1913.35  -0.0150274   0.1032481
1913.40  -0.0149047   0.1032950
1913.45  -0.0147813   0.1033389
1913.50  -0.0146573   0.1033798
1913.55  -0.0145325   0.1034177
1913.60  -0.0144071   0.1034528
1913.65  -0.0142811   0.1034850
1913.70  -0.0141543   0.1035144
1913.75  -0.0140270   0.1035410
1913.80  -0.0138990   0.1035649
1913.85  -0.0137703   0.1035862
1913.90  -0.0136411   0.1036049
1913.95  -0.0135112   0.1036211
1914.00  -0.0133806   0.1036348
1914.05  -0.0132495   0.1036460
1914.10  -0.0131177   0.1036549
1914.15  -0.0129853   0.1036615
1914.20  -0.0128524   0.1036659
1914.25  -0.0127187   0.1036681
1914.30  -0.0125845   0.1036681
1914.35  -0.0124497   0.1036662
1914.40  -0.0123143   0.1036622
1914.45  -0.0121783   0.1036563
1914.50  -0.0120416   0.1036486
1914.55  -0.0119044   0.1036391
1914.60  -0.0117666   0.1036279
1914.65  -0.0116282   0.1036151
1914.70  -0.0114892   0.1036007
1914.75  -0.0113496   0.1035847
1914.80  -0.0112094   0.1035674
1914.85  -0.0110686   0.1035487
1914.90  -0.0109273   0.1035287
1914.95  -0.0107853   0.1035075
1915.00  -0.0106428   0.1034851
1915.05  -0.0104997   0.1034617
1915.10  -0.0103560   0.1034372
1915.15  -0.0102117   0.1034118
1915.20  -0.0100668   0.1033856
1915.25  -0.0099214   0.1033586
1915.30  -0.0097754   0.1033309
1915.35  -0.0096288   0.1033025
1915.40  -0.0094816   0.1032735
1915.45  -0.0093339   0.1032441
1915.50  -0.0091856   0.1032142
1915.55  -0.0090367   0.1031839
1915.60  -0.0088873   0.1031534
1915.65  -0.0087373   0.1031226
1915.70  -0.0085868   0.1030917
1915.75  -0.0084357   0.1030606
1915.80  -0.0082840   0.1030296
1915.85  -0.0081319   0.1029986
1915.90  -0.0079792   0.1029677
1915.95  -0.0078259   0.1029370
1916.00  -0.0076721   0.1029066
1916.05  -0.0075178   0.1028764
1916.10  -0.0073630   0.1028466
1916.15  -0.0072077   0.1028173
1916.20  -0.0070519   0.1027884
1916.25  -0.0068956   0.1027601
1916.30  -0.0067388   0.1027324
1916.35  -0.0065815   0.1027054
1916.40  -0.0064238   0.1026791
1916.45  -0.0062656   0.1026536
1916.50  -0.0061070   0.1026289
1916.55  -0.0059479   0.1026051
1916.60  -0.0057884   0.1025823
1916.65  -0.0056285   0.1025605
1916.70  -0.0054681   0.1025397
1916.75  -0.0053074   0.1025200
1916.80  -0.0051463   0.1025015
1916.85  -0.0049849   0.1024842
1916.90  -0.0048231   0.1024681
1916.95  -0.0046610   0.1024533
1917.00  -0.0044985   0.1024399
1917.05  -0.0043358   0.1024278
1917.10  -0.0041727   0.1024172
1917.15  -0.0040095   0.1024080
1917.20  -0.0038459   0.1024003
1917.25  -0.0036822   0.1023942
1917.30  -0.0035182   0.1023897
1917.35  -0.0033541   0.1023868
1917.40  -0.0031898   0.1023855
1917.45  -0.0030253   0.1023859
1917.50  -0.0028608   0.1023881
1917.55  -0.0026961   0.1023920
1917.60  -0.0025314   0.1023977
1917.65  -0.0023666   0.1024052
1917.70  -0.0022018   0.1024145
1917.75  -0.0020371   0.1024258
1917.80  -0.0018723   0.1024389
1917.85  -0.0017077   0.1024539
1917.90  -0.0015431   0.1024710
1917.95  -0.0013786   0.1024900
1918.00  -0.0012143   0.1025109
1918.05  -0.0010502   0.1025340
1918.10  -0.0008863   0.1025590
1918.15  -0.0007227   0.1025861
1918.20  -0.0005593   0.1026153
1918.25  -0.0003963   0.1026466
1918.30  -0.0002336   0.1026801
1918.35  -0.0000713   0.1027156
1918.40   0.0000906   0.1027533
1918.45   0.0002520   0.1027932
1918.50   0.0004129   0.1028353
1918.55   0.0005733   0.1028795
1918.60   0.0007331   0.1029260
1918.65   0.0008923   0.1029747
1918.70   0.0010508   0.1030256
1918.75   0.0012087   0.1030787
1918.80   0.0013658   0.1031341
1918.85   0.0015222   0.1031918
1918.90   0.0016777   0.1032517
1918.95   0.0018324   0.1033139
1919.00   0.0019861   0.1033784
1919.05   0.0021390   0.1034452
1919.10   0.0022908   0.1035143
1919.15   0.0024416   0.1035857
1919.20   0.0025913   0.1036594
1919.25   0.0027399   0.1037354
1919.30   0.0028874   0.1038137
1919.35   0.0030336   0.1038943
1919.40   0.0031785   0.1039773
1919.45   0.0033222   0.1040625
1919.50   0.0034645   0.1041501
1919.55   0.0036054   0.1042401
1919.60   0.0037449   0.1043323
1919.65   0.0038829   0.1044269
1919.70   0.0040193   0.1045239
1919.75   0.0041542   0.1046231
1919.80   0.0042874   0.1047247
1919.85   0.0044189   0.1048287
1919.90   0.0045488   0.1049349
1919.95   0.0046768   0.1050435
1920.00   0.0048031   0.1051544
1920.05   0.0049274   0.1052677
1920.10   0.0050499   0.1053833
1920.15   0.0051704   0.1055012
1920.20   0.0052889   0.1056214
1920.25   0.0054054   0.1057439
1920.30   0.0055198   0.1058688
1920.35   0.0056320   0.1059960
1920.40   0.0057421   0.1061255
1920.45   0.0058499   0.1062573
1920.50   0.0059554   0.1063914
1920.55   0.0060587   0.1065278
1920.60   0.0061596   0.1066665
1920.65   0.0062581   0.1068076
1920.70   0.0063541   0.1069509
1920.75   0.0064477   0.1070965
1920.80   0.0065388   0.1072444
1920.85   0.0066273   0.1073945
1920.90   0.0067132   0.1075470
1920.95   0.0067965   0.1077017
1921.00   0.0068771   0.1078587
1921.05   0.0069550   0.1080179
1921.10   0.0070301   0.1081794
1921.15   0.0071025   0.1083432
1921.20   0.0071721   0.1085092
1921.25   0.0072388   0.1086775
1921.30   0.0073027   0.1088480
1921.35   0.0073637   0.1090208
1921.40   0.0074217   0.1091958
1921.45   0.0074767   0.1093730
1921.50   0.0075288   0.1095525
1921.55   0.0075779   0.1097341
1921.60   0.0076239   0.1099180
1921.65   0.0076669   0.1101041
1921.70   0.0077068   0.1102924
1921.75   0.0077436   0.1104829
1921.80   0.0077772   0.1106756
1921.85   0.0078077   0.1108705
1921.90   0.0078351   0.1110676
1921.95   0.0078593   0.1112669
1922.00   0.0078803   0.1114684
1922.05   0.0078981   0.1116720
1922.10   0.0079126   0.1118778
1922.15   0.0079240   0.1120858
1922.20   0.0079321   0.1122959
1922.25   0.0079370   0.1125082
1922.30   0.0079386   0.1127226
1922.35   0.0079370   0.1129392
1922.40   0.0079321   0.1131579
1922.45   0.0079240   0.1133788
1922.50   0.0079126   0.1136018
1922.55   0.0078980   0.1138270
1922.60   0.0078801   0.1140542
1922.65   0.0078590   0.1142836
1922.70   0.0078346   0.1145152
1922.75   0.0078070   0.1147488
1922.80   0.0077761   0.1149845
1922.85   0.0077421   0.1152224
1922.90   0.0077048   0.1154623
1922.95   0.0076644   0.1157044
1923.00   0.0076207   0.1159485
1923.05   0.0075739   0.1161948
1923.10   0.0075240   0.1164431
1923.15   0.0074709   0.1166935
1923.20   0.0074147   0.1169460
1923.25   0.0073555   0.1172005
1923.30   0.0072932   0.1174572
1923.35   0.0072278   0.1177159
1923.40   0.0071594   0.1179766
1923.45   0.0070880   0.1182394
1923.50   0.0070137   0.1185043
1923.55   0.0069364   0.1187712
1923.60   0.0068563   0.1190402
1923.65   0.0067733   0.1193112
1923.70   0.0066874   0.1195843
1923.75   0.0065987   0.1198594
1923.80   0.0065073   0.1201365
1923.85   0.0064131   0.1204157
1923.90   0.0063162   0.1206968
1923.95   0.0062167   0.1209800
1924.00   0.0061146   0.1212652
1924.05   0.0060099   0.1215524
1924.10   0.0059026   0.1218417
1924.15   0.0057928   0.1221329
1924.20   0.0056806   0.1224261
1924.25   0.0055660   0.1227213
1924.30   0.0054490   0.1230185
1924.35   0.0053297   0.1233176
1924.40   0.0052081   0.1236188
1924.45   0.0050843   0.1239219
1924.50   0.0049584   0.1242269
1924.55   0.0048302   0.1245340
1924.60   0.0047000   0.1248429
1924.65   0.0045678   0.1251538
1924.70   0.0044336   0.1254667
1924.75   0.0042974   0.1257815
1924.80   0.0041593   0.1260982
1924.85   0.0040195   0.1264168
1924.90   0.0038778   0.1267373
1924.95   0.0037344   0.1270598
1925.00   0.0035893   0.1273841
1925.05   0.0034426   0.1277103
1925.10   0.0032943   0.1280384
1925.15   0.0031444   0.1283683
1925.20   0.0029931   0.1287001
1925.25   0.0028404   0.1290337
1925.30   0.0026863   0.1293692
1925.35   0.0025309   0.1297065
1925.40   0.0023742   0.1300456
1925.45   0.0022163   0.1303865
1925.50   0.0020573   0.1307292
1925.55   0.0018971   0.1310737
1925.60   0.0017359   0.1314199
1925.65   0.0015737   0.1317679
1925.70   0.0014105   0.1321177
1925.75   0.0012464   0.1324691
1925.80   0.0010815   0.1328223
1925.85   0.0009157   0.1331771
1925.90   0.0007492   0.1335337
1925.95   0.0005820   0.1338919
1926.00   0.0004142   0.1342517
1926.05   0.0002457   0.1346132
1926.10   0.0000767   0.1349762
1926.15  -0.0000928   0.1353409
1926.20  -0.0002628   0.1357071
1926.25  -0.0004332   0.1360749
1926.30  -0.0006040   0.1364442
1926.35  -0.0007751   0.1368151
1926.40  -0.0009465   0.1371874
1926.45  -0.0011181   0.1375612
1926.50  -0.0012899   0.1379364
1926.55  -0.0014618   0.1383130
1926.60  -0.0016339   0.1386911
1926.65  -0.0018060   0.1390705
1926.70  -0.0019782   0.1394513
1926.75  -0.0021503   0.1398334
1926.80  -0.0023224   0.1402168
1926.85  -0.0024944   0.1406015
1926.90  -0.0026662   0.1409874
1926.95  -0.0028379   0.1413745
1927.00  -0.0030094   0.1417628
1927.05  -0.0031806   0.1421523
1927.10  -0.0033516   0.1425429
1927.15  -0.0035223   0.1429346
1927.20  -0.0036926   0.1433273
1927.25  -0.0038625   0.1437211
1927.30  -0.0040321   0.1441160
1927.35  -0.0042012   0.1445117
1927.40  -0.0043698   0.1449084
1927.45  -0.0045379   0.1453061
1927.50  -0.0047055   0.1457045
1927.55  -0.0048726   0.1461039
1927.60  -0.0050391   0.1465040
1927.65  -0.0052049   0.1469049
1927.70  -0.0053702   0.1473065
1927.75  -0.0055348   0.1477088
1927.80  -0.0056987   0.1481118
1927.85  -0.0058619   0.1485153
1927.90  -0.0060244   0.1489195
1927.95  -0.0061861   0.1493242
1928.00  -0.0063471   0.1497294
1928.05  -0.0065073   0.1501350
1928.10  -0.0066666   0.1505411
1928.15  -0.0068252   0.1509476
1928.20  -0.0069829   0.1513544
1928.25  -0.0071397   0.1517615
1928.30  -0.0072957   0.1521688
1928.35  -0.0074507   0.1525764
1928.40  -0.0076049   0.1529842
1928.45  -0.0077581   0.1533921
1928.50  -0.0079103   0.1538000
1928.55  -0.0080616   0.1542081
1928.60  -0.0082120   0.1546161
1928.65  -0.0083613   0.1550241
1928.70  -0.0085096   0.1554321
1928.75  -0.0086570   0.1558399
1928.80  -0.0088032   0.1562476
1928.85  -0.0089485   0.1566550
1928.90  -0.0090927   0.1570622
1928.95  -0.0092358   0.1574692
1929.00  -0.0093779   0.1578758
1929.05  -0.0095189   0.1582820
1929.10  -0.0096588   0.1586878
1929.15  -0.0097975   0.1590931
1929.20  -0.0099352   0.1594980
1929.25  -0.0100717   0.1599023
1929.30  -0.0102071   0.1603060
1929.35  -0.0103413   0.1607091
1929.40  -0.0104744   0.1611115
1929.45  -0.0106063   0.1615132
1929.50  -0.0107370   0.1619142
1929.55  -0.0108665   0.1623143
1929.60  -0.0109949   0.1627137
1929.65  -0.0111220   0.1631122
1929.70  -0.0112479   0.1635097
1929.75  -0.0113726   0.1639063
1929.80  -0.0114960   0.1643020
1929.85  -0.0116182   0.1646966
1929.90  -0.0117391   0.1650901
1929.95  -0.0118588   0.1654825
1930.00  -0.0119771   0.1658738
1930.05  -0.0120942   0.1662640
1930.10  -0.0122100   0.1666529
1930.15  -0.0123245   0.1670406
1930.20  -0.0124376   0.1674270
1930.25  -0.0125494   0.1678120
1930.30  -0.0126598   0.1681958
1930.35  -0.0127689   0.1685782
1930.40  -0.0128766   0.1689591
1930.45  -0.0129829   0.1693386
1930.50  -0.0130879   0.1697167
1930.55  -0.0131914   0.1700933
1930.60  -0.0132934   0.1704683
1930.65  -0.0133941   0.1708418
1930.70  -0.0134933   0.1712137
1930.75  -0.0135910   0.1715840
1930.80  -0.0136872   0.1719526
1930.85  -0.0137819   0.1723196
1930.90  -0.0138751   0.1726850
1930.95  -0.0139667   0.1730486
1931.00  -0.0140568   0.1734105
1931.05  -0.0141454   0.1737707
1931.10  -0.0142323   0.1741291
1931.15  -0.0143177   0.1744857
1931.20  -0.0144014   0.1748405
1931.25  -0.0144835   0.1751935
1931.30  -0.0145639   0.1755447
1931.35  -0.0146426   0.1758940
1931.40  -0.0147196   0.1762415
1931.45  -0.0147949   0.1765870
1931.50  -0.0148685   0.1769307
1931.55  -0.0149403   0.1772725
1931.60  -0.0150103   0.1776124
1931.65  -0.0150785   0.1779504
1931.70  -0.0151449   0.1782865
1931.75  -0.0152094   0.1786206
1931.80  -0.0152720   0.1789528
1931.85  -0.0153328   0.1792831
1931.90  -0.0153916   0.1796114
1931.95  -0.0154485   0.1799377
1932.00  -0.0155034   0.1802621
1932.05  -0.0155563   0.1805846
1932.10  -0.0156072   0.1809051
1932.15  -0.0156560   0.1812237
1932.20  -0.0157028   0.1815403
1932.25  -0.0157475   0.1818549
1932.30  -0.0157900   0.1821677
1932.35  -0.0158304   0.1824784
1932.40  -0.0158687   0.1827873
1932.45  -0.0159047   0.1830942
1932.50  -0.0159386   0.1833992
1932.55  -0.0159701   0.1837023
1932.60  -0.0159994   0.1840036
1932.65  -0.0160264   0.1843029
1932.70  -0.0160511   0.1846003
1932.75  -0.0160734   0.1848959
1932.80  -0.0160934   0.1851896
1932.85  -0.0161109   0.1854815
1932.90  -0.0161260   0.1857715
1932.95  -0.0161387   0.1860598
1933.00  -0.0161489   0.1863462
1933.05  -0.0161565   0.1866309
1933.10  -0.0161617   0.1869138
1933.15  -0.0161643   0.1871950
1933.20  -0.0161643   0.1874744
1933.25  -0.0161617   0.1877522
1933.30  -0.0161565   0.1880282
1933.35  -0.0161486   0.1883026
1933.40  -0.0161381   0.1885753
1933.45  -0.0161249   0.1888464
1933.50  -0.0161089   0.1891159
1933.55  -0.0160903   0.1893839
1933.60  -0.0160688   0.1896502
1933.65  -0.0160446   0.1899150
1933.70  -0.0160176   0.1901784
1933.75  -0.0159878   0.1904402
1933.80  -0.0159552   0.1907006
1933.85  -0.0159197   0.1909595
1933.90  -0.0158813   0.1912170
1933.95  -0.0158401   0.1914731
1934.00  -0.0157960   0.1917278
1934.05  -0.0157489   0.1919812
1934.10  -0.0156990   0.1922333
1934.15  -0.0156461   0.1924841
1934.20  -0.0155902   0.1927336
1934.25  -0.0155315   0.1929819
1934.30  -0.0154697   0.1932290
1934.35  -0.0154050   0.1934749
1934.40  -0.0153373   0.1937196
1934.45  -0.0152666   0.1939631
1934.50  -0.0151929   0.1942056
1934.55  -0.0151162   0.1944469
1934.60  -0.0150366   0.1946872
1934.65  -0.0149539   0.1949265
1934.70  -0.0148682   0.1951647
1934.75  -0.0147796   0.1954019
1934.80  -0.0146879   0.1956382
1934.85  -0.0145933   0.1958735
1934.90  -0.0144957   0.1961079
1934.95  -0.0143951   0.1963413
1935.00  -0.0142915   0.1965739
1935.05  -0.0141850   0.1968056
1935.10  -0.0140755   0.1970365
1935.15  -0.0139631   0.1972666
1935.20  -0.0138478   0.1974958
1935.25  -0.0137295   0.1977243
1935.30  -0.0136084   0.1979520
1935.35  -0.0134843   0.1981789
1935.40  -0.0133575   0.1984051
1935.45  -0.0132278   0.1986306
1935.50  -0.0130952   0.1988554
1935.55  -0.0129599   0.1990795
1935.60  -0.0128218   0.1993030
1935.65  -0.0126810   0.1995257
1935.70  -0.0125375   0.1997478
1935.75  -0.0123913   0.1999693
1935.80  -0.0122424   0.2001901
1935.85  -0.0120909   0.2004104
1935.90  -0.0119369   0.2006300
1935.95  -0.0117803   0.2008490
1936.00  -0.0116211   0.2010674
1936.05  -0.0114595   0.2012852
1936.10  -0.0112955   0.2015024
1936.15  -0.0111291   0.2017190
1936.20  -0.0109603   0.2019351
1936.25  -0.0107892   0.2021506
1936.30  -0.0106159   0.2023655
1936.35  -0.0104403   0.2025798
1936.40  -0.0102626   0.2027935
1936.45  -0.0100828   0.2030066
1936.50  -0.0099009   0.2032192
1936.55  -0.0097169   0.2034312
1936.60  -0.0095311   0.2036425
1936.65  -0.0093433   0.2038533
1936.70  -0.0091536   0.2040634
1936.75  -0.0089622   0.2042729
1936.80  -0.0087690   0.2044818
1936.85  -0.0085741   0.2046900
1936.90  -0.0083776   0.2048976
1936.95  -0.0081795   0.2051045
1937.00  -0.0079800   0.2053107
1937.05  -0.0077790   0.2055163
1937.10  -0.0075766   0.2057211
1937.15  -0.0073729   0.2059251
1937.20  -0.0071679   0.2061285
1937.25  -0.0069618   0.2063311
1937.30  -0.0067545   0.2065328
1937.35  -0.0065462   0.2067338
1937.40  -0.0063369   0.2069340
1937.45  -0.0061267   0.2071333
1937.50  -0.0059157   0.2073317
1937.55  -0.0057038   0.2075292
1937.60  -0.0054912   0.2077258
1937.65  -0.0052780   0.2079215
1937.70  -0.0050642   0.2081162
1937.75  -0.0048499   0.2083099
1937.80  -0.0046352   0.2085026
1937.85  -0.0044200   0.2086943
1937.90  -0.0042046   0.2088848
1937.95  -0.0039889   0.2090743
1938.00  -0.0037731   0.2092626
1938.05  -0.0035572   0.2094497
1938.10  -0.0033412   0.2096357
1938.15  -0.0031253   0.2098205
1938.20  -0.0029094   0.2100039
1938.25  -0.0026938   0.2101862
1938.30  -0.0024783   0.2103670
1938.35  -0.0022632   0.2105466
1938.40  -0.0020485   0.2107248
1938.45  -0.0018341   0.2109015
1938.50  -0.0016203   0.2110769
1938.55  -0.0014070   0.2112507
1938.60  -0.0011943   0.2114231
1938.65  -0.0009823   0.2115939
1938.70  -0.0007711   0.2117632
1938.75  -0.0005606   0.2119309
1938.80  -0.0003510   0.2120970
1938.85  -0.0001423   0.2122614
1938.90   0.0000655   0.2124241
1938.95   0.0002722   0.2125852
1939.00   0.0004779   0.2127445
1939.05   0.0006825   0.2129020
1939.10   0.0008859   0.2130578
1939.15   0.0010880   0.2132117
1939.20   0.0012890   0.2133638
1939.25   0.0014886   0.2135140
1939.30   0.0016868   0.2136623
1939.35   0.0018837   0.2138087
1939.40   0.0020792   0.2139531
1939.45   0.0022732   0.2140956
1939.50   0.0024657   0.2142362
1939.55   0.0026566   0.2143747
1939.60   0.0028460   0.2145111
1939.65   0.0030339   0.2146456
1939.70   0.0032200   0.2147780
1939.75   0.0034046   0.2149083
1939.80   0.0035875   0.2150365
1939.85   0.0037686   0.2151626
1939.90   0.0039481   0.2152866
1939.95   0.0041258   0.2154084
1940.00   0.0043018   0.2155282
1940.05   0.0044760   0.2156458
1940.10   0.0046485   0.2157612
1940.15   0.0048192   0.2158745
1940.20   0.0049881   0.2159856
1940.25   0.0051552   0.2160945
1940.30   0.0053205   0.2162013
1940.35   0.0054840   0.2163059
1940.40   0.0056457   0.2164083
1940.45   0.0058056   0.2165086
1940.50   0.0059637   0.2166067
1940.55   0.0061201   0.2167027
1940.60   0.0062746   0.2167965
1940.65   0.0064275   0.2168882
1940.70   0.0065786   0.2169777
1940.75   0.0067279   0.2170652
1940.80   0.0068756   0.2171505
1940.85   0.0070215   0.2172338
1940.90   0.0071658   0.2173150
1940.95   0.0073085   0.2173941
1941.00   0.0074495   0.2174713
1941.05   0.0075889   0.2175464
1941.10   0.0077268   0.2176195
1941.15   0.0078631   0.2176907
1941.20   0.0079980   0.2177600
1941.25   0.0081313   0.2178273
1941.30   0.0082633   0.2178928
1941.35   0.0083938   0.2179564
1941.40   0.0085230   0.2180182
1941.45   0.0086509   0.2180783
1941.50   0.0087775   0.2181366
1941.55   0.0089029   0.2181932
1941.60   0.0090271   0.2182481
1941.65   0.0091502   0.2183014
1941.70   0.0092721   0.2183532
1941.75   0.0093931   0.2184034
1941.80   0.0095130   0.2184520
1941.85   0.0096320   0.2184993
1941.90   0.0097501   0.2185451
1941.95   0.0098673   0.2185895
1942.00   0.0099838   0.2186327
1942.05   0.0100995   0.2186745
1942.10   0.0102145   0.2187152
1942.15   0.0103289   0.2187547
1942.20   0.0104427   0.2187930
1942.25   0.0105560   0.2188303
1942.30   0.0106688   0.2188666
1942.35   0.0107812   0.2189019
1942.40   0.0108933   0.2189364
1942.45   0.0110050   0.2189699
1942.50   0.0111165   0.2190027
1942.55   0.0112278   0.2190348
1942.60   0.0113390   0.2190661
1942.65   0.0114501   0.2190968
1942.70   0.0115611   0.2191270
1942.75   0.0116722   0.2191567
1942.80   0.0117834   0.2191859
1942.85   0.0118947   0.2192147
1942.90   0.0120061   0.2192431
1942.95   0.0121179   0.2192713
1943.00   0.0122298   0.2192993
1943.05   0.0123422   0.2193271
1943.10   0.0124549   0.2193548
1943.15   0.0125680   0.2193824
1943.20   0.0126817   0.2194101
1943.25   0.0127958   0.2194378
1943.30   0.0129105   0.2194656
1943.35   0.0130259   0.2194936
1943.40   0.0131419   0.2195218
1943.45   0.0132586   0.2195504
1943.50   0.0133760   0.2195792
1943.55   0.0134942   0.2196085
1943.60   0.0136132   0.2196382
1943.65   0.0137330   0.2196684
1943.70   0.0138538   0.2196991
1943.75   0.0139754   0.2197305
1943.80   0.0140980   0.2197625
1943.85   0.0142215   0.2197952
1943.90   0.0143461   0.2198286
1943.95   0.0144716   0.2198629
1944.00   0.0145982   0.2198979
1944.05   0.0147259   0.2199339
1944.10   0.0148546   0.2199708
1944.15   0.0149845   0.2200086
1944.20   0.0151154   0.2200475
1944.25   0.0152474   0.2200874
1944.30   0.0153806   0.2201284
1944.35   0.0155150   0.2201706
1944.40   0.0156505   0.2202138
1944.45   0.0157871   0.2202583
1944.50   0.0159249   0.2203041
1944.55   0.0160638   0.2203510
1944.60   0.0162039   0.2203993
1944.65   0.0163451   0.2204489
1944.70   0.0164875   0.2204999
1944.75   0.0166310   0.2205522
1944.80   0.0167756   0.2206059
1944.85   0.0169214   0.2206610
1944.90   0.0170682   0.2207176
1944.95   0.0172161   0.2207757
1945.00   0.0173651   0.2208353
1945.05   0.0175151   0.2208963
1945.10   0.0176662   0.2209589
1945.15   0.0178182   0.2210230
1945.20   0.0179712   0.2210887
1945.25   0.0181251   0.2211559
1945.30   0.0182799   0.2212247
1945.35   0.0184357   0.2212951
1945.40   0.0185922   0.2213671
1945.45   0.0187496   0.2214407
1945.50   0.0189077   0.2215159
1945.55   0.0190666   0.2215927
1945.60   0.0192262   0.2216711
1945.65   0.0193864   0.2217512
1945.70   0.0195472   0.2218328
1945.75   0.0197086   0.2219161
1945.80   0.0198705   0.2220010
1945.85   0.0200329   0.2220875
1945.90   0.0201957   0.2221757
1945.95   0.0203588   0.2222654
1946.00   0.0205223   0.2223567
1946.05   0.0206861   0.2224497
1946.10   0.0208500   0.2225442
1946.15   0.0210142   0.2226404
1946.20   0.0211784   0.2227381
1946.25   0.0213427   0.2228373
1946.30   0.0215070   0.2229382
1946.35   0.0216712   0.2230406
1946.40   0.0218353   0.2231445
1946.45   0.0219993   0.2232500
1946.50   0.0221630   0.2233569
1946.55   0.0223264   0.2234654
1946.60   0.0224894   0.2235754
1946.65   0.0226520   0.2236869
1946.70   0.0228142   0.2237998
1946.75   0.0229758   0.2239142
1946.80   0.0231369   0.2240300
1946.85   0.0232972   0.2241473
1946.90   0.0234569   0.2242660
1946.95   0.0236158   0.2243861
1947.00   0.0237739   0.2245076
1947.05   0.0239311   0.2246305
1947.10   0.0240873   0.2247547
1947.15   0.0242425   0.2248803
1947.20   0.0243966   0.2250072
1947.25   0.0245497   0.2251355
1947.30   0.0247015   0.2252651
1947.35   0.0248521   0.2253960
1947.40   0.0250015   0.2255282
1947.45   0.0251494   0.2256617
1947.50   0.0252960   0.2257964
1947.55   0.0254411   0.2259325
1947.60   0.0255848   0.2260698
1947.65   0.0257268   0.2262083
1947.70   0.0258673   0.2263481
1947.75   0.0260061   0.2264891
1947.80   0.0261432   0.2266314
1947.85   0.0262786   0.2267748
1947.90   0.0264121   0.2269195
1947.95   0.0265439   0.2270654
1948.00   0.0266737   0.2272126
1948.05   0.0268017   0.2273609
1948.10   0.0269277   0.2275104
1948.15   0.0270516   0.2276612
1948.20   0.0271736   0.2278131
1948.25   0.0272935   0.2279663
1948.30   0.0274112   0.2281206
1948.35   0.0275269   0.2282762
1948.40   0.0276403   0.2284330
1948.45   0.0277516   0.2285910
1948.50   0.0278607   0.2287502
1948.55   0.0279675   0.2289107
1948.60   0.0280720   0.2290724
1948.65   0.0281742   0.2292353
1948.70   0.0282741   0.2293995
1948.75   0.0283717   0.2295650
1948.80   0.0284669   0.2297317
1948.85   0.0285598   0.2298997
1948.90   0.0286502   0.2300690
1948.95   0.0287383   0.2302395
1949.00   0.0288240   0.2304114
1949.05   0.0289072   0.2305847
1949.10   0.0289880   0.2307593
1949.15   0.0290664   0.2309352
1949.20   0.0291423   0.2311125
1949.25   0.0292158   0.2312912
1949.30   0.0292868   0.2314713
1949.35   0.0293554   0.2316528
1949.40   0.0294215   0.2318358
1949.45   0.0294852   0.2320202
1949.50   0.0295465   0.2322061
1949.55   0.0296053   0.2323935
1949.60   0.0296617   0.2325824
1949.65   0.0297157   0.2327728
1949.70   0.0297673   0.2329648
1949.75   0.0298165   0.2331583
1949.80   0.0298633   0.2333535
1949.85   0.0299078   0.2335502
1949.90   0.0299499   0.2337486
1949.95   0.0299896   0.2339486
1950.00   0.0300270   0.2341502
1950.05   0.0300622   0.2343536
1950.10   0.0300950   0.2345586
1950.15   0.0301256   0.2347654
1950.20   0.0301540   0.2349738
1950.25   0.0301801   0.2351841
1950.30   0.0302040   0.2353961
1950.35   0.0302258   0.2356099
1950.40   0.0302454   0.2358255
1950.45   0.0302630   0.2360429
1950.50   0.0302784   0.2362621
1950.55   0.0302917   0.2364831
1950.60   0.0303031   0.2367060
1950.65   0.0303124   0.2369308
1950.70   0.0303197   0.2371575
1950.75   0.0303251   0.2373860
1950.80   0.0303286   0.2376164
1950.85   0.0303302   0.2378487
1950.90   0.0303299   0.2380829
1950.95   0.0303278   0.2383190
1951.00   0.0303240   0.2385571
1951.05   0.0303183   0.2387970
1951.10   0.0303109   0.2390388
1951.15   0.0303019   0.2392826
1951.20   0.0302912   0.2395283
1951.25   0.0302788   0.2397758
1951.30   0.0302648   0.2400253
1951.35   0.0302493   0.2402766
1951.40   0.0302323   0.2405298
1951.45   0.0302137   0.2407849
1951.50   0.0301937   0.2410419
1951.55   0.0301722   0.2413006
1951.60   0.0301493   0.2415612
1951.65   0.0301251   0.2418236
1951.70   0.0300995   0.2420878
1951.75   0.0300726   0.2423537
1951.80   0.0300444   0.2426214
1951.85   0.0300149   0.2428908
1951.90   0.0299843   0.2431618
1951.95   0.0299524   0.2434345
1952.00   0.0299194   0.2437088
1952.05   0.0298852   0.2439847
1952.10   0.0298499   0.2442621
1952.15   0.0298135   0.2445410
1952.20   0.0297761   0.2448213
1952.25   0.0297376   0.2451031
1952.30   0.0296982   0.2453862
1952.35   0.0296577   0.2456707
1952.40   0.0296163   0.2459564
1952.45   0.0295739   0.2462433
1952.50   0.0295306   0.2465313
1952.55   0.0294865   0.2468204
1952.60   0.0294414   0.2471106
1952.65   0.0293955   0.2474017
1952.70   0.0293488   0.2476938
1952.75   0.0293012   0.2479866
1952.80   0.0292528   0.2482802
1952.85   0.0292037   0.2485746
1952.90   0.0291537   0.2488695
1952.95   0.0291030   0.2491649
1953.00   0.0290516   0.2494609
1953.05   0.0289994   0.2497572
1953.10   0.0289465   0.2500538
1953.15   0.0288929   0.2503506
1953.20   0.0288386   0.2506475
1953.25   0.0287836   0.2509445
1953.30   0.0287280   0.2512414
1953.35   0.0286716   0.2515381
1953.40   0.0286146   0.2518346
1953.45   0.0285569   0.2521308
1953.50   0.0284985   0.2524265
1953.55   0.0284395   0.2527217
1953.60   0.0283799   0.2530162
1953.65   0.0283195   0.2533099
1953.70   0.0282586   0.2536028
1953.75   0.0281969   0.2538948
1953.80   0.0281346   0.2541856
1953.85   0.0280717   0.2544753
1953.90   0.0280081   0.2547637
1953.95   0.0279438   0.2550506
1954.00   0.0278789   0.2553361
1954.05   0.0278133   0.2556199
1954.10   0.0277470   0.2559019
1954.15   0.0276801   0.2561820
1954.20   0.0276124   0.2564602
1954.25   0.0275441   0.2567362
1954.30   0.0274750   0.2570100
1954.35   0.0274052   0.2572815
1954.40   0.0273347   0.2575504
1954.45   0.0272635   0.2578168
1954.50   0.0271915   0.2580804
1954.55   0.0271187   0.2583412
1954.60   0.0270452   0.2585990
1954.65   0.0269709   0.2588536
1954.70   0.0268958   0.2591051
1954.75   0.0268199   0.2593532
1954.80   0.0267431   0.2595978
1954.85   0.0266655   0.2598388
1954.90   0.0265871   0.2600761
1954.95   0.0265077   0.2603096
1955.00   0.0264275   0.2605390
1955.05   0.0263464   0.2607644
1955.10   0.0262643   0.2609855
1955.15   0.0261814   0.2612023
1955.20   0.0260974   0.2614146
1955.25   0.0260125   0.2616223
1955.30   0.0259266   0.2618254
1955.35   0.0258396   0.2620235
1955.40   0.0257517   0.2622167
1955.45   0.0256627   0.2624049
1955.50   0.0255726   0.2625879
1955.55   0.0254814   0.2627655
1955.60   0.0253891   0.2629378
1955.65   0.0252957   0.2631045
1955.70   0.0252012   0.2632655
1955.75   0.0251055   0.2634209
1955.80   0.0250086   0.2635703
1955.85   0.0249105   0.2637138
1955.90   0.0248112   0.2638513
1955.95   0.0247107   0.2639825
1956.00   0.0246089   0.2641075
1956.05   0.0245059   0.2642261
1956.10   0.0244015   0.2643383
1956.15   0.0242959   0.2644439
1956.20   0.0241889   0.2645429
1956.25   0.0240805   0.2646351
1956.30   0.0239709   0.2647205
1956.35   0.0238598   0.2647990
1956.40   0.0237473   0.2648705
1956.45   0.0236335   0.2649350
1956.50   0.0235182   0.2649923
1956.55   0.0234014   0.2650424
1956.60   0.0232832   0.2650852
1956.65   0.0231636   0.2651207
1956.70   0.0230424   0.2651487
1956.75   0.0229198   0.2651693
1956.80   0.0227956   0.2651824
1956.85   0.0226700   0.2651878
1956.90   0.0225428   0.2651857
1956.95   0.0224140   0.2651759
1957.00   0.0222837   0.2651583
1957.05   0.0221519   0.2651330
1957.10   0.0220184   0.2650999
1957.15   0.0218834   0.2650589
1957.20   0.0217468   0.2650101
1957.25   0.0216086   0.2649534
1957.30   0.0214688   0.2648888
1957.35   0.0213273   0.2648162
1957.40   0.0211843   0.2647357
1957.45   0.0210396   0.2646473
1957.50   0.0208934   0.2645508
1957.55   0.0207455   0.2644465
1957.60   0.0205959   0.2643341
1957.65   0.0204448   0.2642138
1957.70   0.0202920   0.2640855
1957.75   0.0201376   0.2639493
1957.80   0.0199815   0.2638051
1957.85   0.0198238   0.2636530
1957.90   0.0196646   0.2634930
1957.95   0.0195037   0.2633252
1958.00   0.0193411   0.2631495
1958.05   0.0191770   0.2629661
1958.10   0.0190113   0.2627748
1958.15   0.0188440   0.2625759
1958.20   0.0186751   0.2623692
1958.25   0.0185046   0.2621550
1958.30   0.0183326   0.2619331
1958.35   0.0181590   0.2617038
1958.40   0.0179839   0.2614670
1958.45   0.0178072   0.2612228
1958.50   0.0176291   0.2609712
1958.55   0.0174494   0.2607124
1958.60   0.0172683   0.2604465
1958.65   0.0170857   0.2601734
1958.70   0.0169016   0.2598933
1958.75   0.0167162   0.2596063
1958.80   0.0165293   0.2593124
1958.85   0.0163410   0.2590117
1958.90   0.0161514   0.2587044
1958.95   0.0159604   0.2583906
1959.00   0.0157681   0.2580702
1959.05   0.0155746   0.2577436
1959.10   0.0153797   0.2574106
1959.15   0.0151837   0.2570715
1959.20   0.0149864   0.2567264
1959.25   0.0147879   0.2563754
1959.30   0.0145883   0.2560185
1959.35   0.0143875   0.2556560
1959.40   0.0141857   0.2552879
1959.45   0.0139828   0.2549145
1959.50   0.0137789   0.2545357
1959.55   0.0135739   0.2541517
1959.60   0.0133681   0.2537627
1959.65   0.0131613   0.2533688
1959.70   0.0129536   0.2529702
1959.75   0.0127450   0.2525669
1959.80   0.0125357   0.2521591
1959.85   0.0123255   0.2517470
1959.90   0.0121147   0.2513307
1959.95   0.0119031   0.2509104
1960.00   0.0116909   0.2504861
1960.05   0.0114781   0.2500581
1960.10   0.0112647   0.2496265
1960.15   0.0110508   0.2491914
1960.20   0.0108364   0.2487531
1960.25   0.0106215   0.2483115
1960.30   0.0104063   0.2478670
1960.35   0.0101907   0.2474197
1960.40   0.0099749   0.2469697
1960.45   0.0097587   0.2465171
1960.50   0.0095424   0.2460622
1960.55   0.0093258   0.2456051
1960.60   0.0091092   0.2451460
1960.65   0.0088925   0.2446849
1960.70   0.0086758   0.2442221
1960.75   0.0084591   0.2437578
1960.80   0.0082425   0.2432920
1960.85   0.0080261   0.2428250
1960.90   0.0078098   0.2423568
1960.95   0.0075937   0.2418878
1961.00   0.0073780   0.2414179
1961.05   0.0071625   0.2409474
1961.10   0.0069475   0.2404765
1961.15   0.0067328   0.2400052
1961.20   0.0065187   0.2395338
1961.25   0.0063051   0.2390624
1961.30   0.0060921   0.2385911
1961.35   0.0058797   0.2381202
1961.40   0.0056681   0.2376497
1961.45   0.0054571   0.2371798
1961.50   0.0052470   0.2367106
1961.55   0.0050377   0.2362424
1961.60   0.0048293   0.2357752
1961.65   0.0046218   0.2353091
1961.70   0.0044153   0.2348445
1961.75   0.0042099   0.2343812
1961.80   0.0040056   0.2339196
1961.85   0.0038025   0.2334598
1961.90   0.0036005   0.2330019
1961.95   0.0033998   0.2325459
1962.00   0.0032003   0.2320921
1962.05   0.0030023   0.2316407
1962.10   0.0028056   0.2311916
1962.15   0.0026103   0.2307450
1962.20   0.0024165   0.2303012
1962.25   0.0022243   0.2298601
1962.30   0.0020337   0.2294219
1962.35   0.0018446   0.2289867
1962.40   0.0016573   0.2285547
1962.45   0.0014716   0.2281259
1962.50   0.0012878   0.2277005
1962.55   0.0011057   0.2272786
1962.60   0.0009254   0.2268602
1962.65   0.0007471   0.2264455
1962.70   0.0005706   0.2260346
1962.75   0.0003961   0.2256275
1962.80   0.0002237   0.2252244
1962.85   0.0000532   0.2248254
1962.90  -0.0001151   0.2244305
1962.95  -0.0002813   0.2240398
1963.00  -0.0004454   0.2236535
1963.05  -0.0006073   0.2232715
1963.10  -0.0007670   0.2228941
1963.15  -0.0009244   0.2225212
1963.20  -0.0010796   0.2221529
1963.25  -0.0012324   0.2217893
1963.30  -0.0013829   0.2214305
1963.35  -0.0015310   0.2210766
1963.40  -0.0016767   0.2207275
1963.45  -0.0018200   0.2203834
1963.50  -0.0019609   0.2200443
1963.55  -0.0020992   0.2197102
1963.60  -0.0022351   0.2193813
1963.65  -0.0023684   0.2190575
1963.70  -0.0024992   0.2187390
1963.75  -0.0026274   0.2184257
1963.80  -0.0027530   0.2181177
1963.85  -0.0028761   0.2178151
1963.90  -0.0029965   0.2175178
1963.95  -0.0031142   0.2172260
1964.00  -0.0032293   0.2169396
1964.05  -0.0033418   0.2166586
1964.10  -0.0034516   0.2163832
1964.15  -0.0035586   0.2161133
1964.20  -0.0036630   0.2158489
1964.25  -0.0037647   0.2155901
1964.30  -0.0038636   0.2153368
1964.35  -0.0039598   0.2150892
1964.40  -0.0040533   0.2148471
1964.45  -0.0041440   0.2146107
1964.50  -0.0042320   0.2143799
1964.55  -0.0043173   0.2141547
1964.60  -0.0043998   0.2139352
1964.65  -0.0044795   0.2137212
1964.70  -0.0045565   0.2135130
1964.75  -0.0046307   0.2133103
1964.80  -0.0047022   0.2131133
1964.85  -0.0047709   0.2129219
1964.90  -0.0048369   0.2127360
1964.95  -0.0049002   0.2125558
1965.00  -0.0049607   0.2123812
1965.05  -0.0050184   0.2122122
1965.10  -0.0050735   0.2120487
1965.15  -0.0051258   0.2118908
1965.20  -0.0051755   0.2117383
1965.25  -0.0052224   0.2115914
1965.30  -0.0052666   0.2114500
1965.35  -0.0053082   0.2113140
1965.40  -0.0053471   0.2111835
1965.45  -0.0053833   0.2110583
1965.50  -0.0054169   0.2109385
1965.55  -0.0054478   0.2108241
1965.60  -0.0054762   0.2107150
1965.65  -0.0055019   0.2106112
1965.70  -0.0055250   0.2105127
1965.75  -0.0055456   0.2104193
1965.80  -0.0055636   0.2103312
1965.85  -0.0055791   0.2102482
1965.90  -0.0055920   0.2101703
1965.95  -0.0056025   0.2100975
1966.00  -0.0056104   0.2100297
1966.05  -0.0056159   0.2099669
1966.10  -0.0056190   0.2099091
1966.15  -0.0056196   0.2098562
1966.20  -0.0056178   0.2098081
1966.25  -0.0056136   0.2097649
1966.30  -0.0056070   0.2097265
1966.35  -0.0055980   0.2096928
1966.40  -0.0055868   0.2096638
1966.45  -0.0055732   0.2096394
1966.50  -0.0055573   0.2096197
1966.55  -0.0055392   0.2096045
1966.60  -0.0055188   0.2095938
1966.65  -0.0054961   0.2095876
1966.70  -0.0054713   0.2095858
1966.75  -0.0054442   0.2095883
1966.80  -0.0054150   0.2095952
1966.85  -0.0053837   0.2096064
1966.90  -0.0053502   0.2096217
1966.95  -0.0053146   0.2096413
1967.00  -0.0052770   0.2096649
1967.05  -0.0052373   0.2096926
1967.10  -0.0051955   0.2097244
1967.15  -0.0051517   0.2097601
1967.20  -0.0051059   0.2097997
1967.25  -0.0050582   0.2098432
1967.30  -0.0050085   0.2098905
1967.35  -0.0049568   0.2099416
1967.40  -0.0049032   0.2099963
1967.45  -0.0048478   0.2100548
1967.50  -0.0047904   0.2101169
1967.55  -0.0047312   0.2101825
1967.60  -0.0046702   0.2102517
1967.65  -0.0046074   0.2103243
1967.70  -0.0045427   0.2104003
1967.75  -0.0044763   0.2104797
1967.80  -0.0044082   0.2105625
1967.85  -0.0043383   0.2106485
1967.90  -0.0042666   0.2107377
1967.95  -0.0041933   0.2108301
1968.00  -0.0041183   0.2109256
1968.05  -0.0040417   0.2110242
1968.10  -0.0039633   0.2111258
1968.15  -0.0038834   0.2112304
1968.20  -0.0038019   0.2113379
1968.25  -0.0037187   0.2114483
1968.30  -0.0036340   0.2115616
1968.35  -0.0035478   0.2116776
1968.40  -0.0034600   0.2117964
1968.45  -0.0033707   0.2119180
1968.50  -0.0032799   0.2120421
1968.55  -0.0031876   0.2121690
1968.60  -0.0030938   0.2122983
1968.65  -0.0029986   0.2124302
1968.70  -0.0029019   0.2125647
1968.75  -0.0028039   0.2127015
1968.80  -0.0027044   0.2128408
1968.85  -0.0026035   0.2129824
1968.90  -0.0025013   0.2131264
1968.95  -0.0023977   0.2132727
1969.00  -0.0022927   0.2134212
1969.05  -0.0021865   0.2135719
1969.10  -0.0020789   0.2137248
1969.15  -0.0019701   0.2138799
1969.20  -0.0018599   0.2140371
1969.25  -0.0017486   0.2141963
1969.30  -0.0016359   0.2143576
1969.35  -0.0015221   0.2145208
1969.40  -0.0014070   0.2146861
1969.45  -0.0012907   0.2148533
1969.50  -0.0011733   0.2150223
1969.55  -0.0010547   0.2151933
1969.60  -0.0009349   0.2153661
1969.65  -0.0008140   0.2155407
1969.70  -0.0006920   0.2157171
1969.75  -0.0005690   0.2158953
1969.80  -0.0004448   0.2160752
1969.85  -0.0003195   0.2162568
1969.90  -0.0001932   0.2164400
1969.95  -0.0000659   0.2166250
1970.00   0.0000624   0.2168115
1970.05   0.0001917   0.2169997
1970.10   0.0003220   0.2171894
1970.15   0.0004533   0.2173807
1970.20   0.0005855   0.2175735
1970.25   0.0007187   0.2177678
1970.30   0.0008527   0.2179636
1970.35   0.0009876   0.2181609
1970.40   0.0011234   0.2183597
1970.45   0.0012601   0.2185598
1970.50   0.0013976   0.2187614
1970.55   0.0015358   0.2189644
1970.60   0.0016749   0.2191688
1970.65   0.0018148   0.2193746
1970.70   0.0019554   0.2195817
1970.75   0.0020967   0.2197901
1970.80   0.0022388   0.2199999
1970.85   0.0023815   0.2202109
1970.90   0.0025249   0.2204233
1970.95   0.0026690   0.2206369
1971.00   0.0028137   0.2208518
1971.05   0.0029590   0.2210680
1971.10   0.0031048   0.2212855
1971.15   0.0032513   0.2215041
1971.20   0.0033983   0.2217240
1971.25   0.0035457   0.2219451
1971.30   0.0036937   0.2221675
1971.35   0.0038422   0.2223910
1971.40   0.0039911   0.2226158
1971.45   0.0041404   0.2228417
1971.50   0.0042901   0.2230688
1971.55   0.0044402   0.2232971
1971.60   0.0045907   0.2235266
1971.65   0.0047415   0.2237572
1971.70   0.0048926   0.2239890
1971.75   0.0050439   0.2242219
1971.80   0.0051956   0.2244560
1971.85   0.0053474   0.2246913
1971.90   0.0054995   0.2249276
1971.95   0.0056517   0.2251652
1972.00   0.0058042   0.2254038
1972.05   0.0059567   0.2256436
1972.10   0.0061094   0.2258846
1972.15   0.0062621   0.2261266
1972.20   0.0064149   0.2263698
1972.25   0.0065677   0.2266141
1972.30   0.0067206   0.2268595
1972.35   0.0068734   0.2271060
1972.40   0.0070262   0.2273537
1972.45   0.0071789   0.2276025
1972.50   0.0073316   0.2278523
1972.55   0.0074841   0.2281033
1972.60   0.0076365   0.2283554
1972.65   0.0077888   0.2286086
1972.70   0.0079408   0.2288629
1972.75   0.0080927   0.2291183
1972.80   0.0082443   0.2293749
1972.85   0.0083957   0.2296325
1972.90   0.0085468   0.2298912
1972.95   0.0086976   0.2301510
1973.00   0.0088481   0.2304119
1973.05   0.0089983   0.2306739
1973.10   0.0091481   0.2309370
1973.15   0.0092975   0.2312012
1973.20   0.0094465   0.2314664
1973.25   0.0095951   0.2317328
1973.30   0.0097433   0.2320002
1973.35   0.0098910   0.2322687
1973.40   0.0100382   0.2325382
1973.45   0.0101849   0.2328089
1973.50   0.0103311   0.2330805
1973.55   0.0104768   0.2333533
1973.60   0.0106219   0.2336271
1973.65   0.0107664   0.2339020
1973.70   0.0109104   0.2341779
1973.75   0.0110538   0.2344548
1973.80   0.0111965   0.2347328
1973.85   0.0113386   0.2350118
1973.90   0.0114801   0.2352918
1973.95   0.0116209   0.2355728
1974.00   0.0117611   0.2358548
1974.05   0.0119005   0.2361379
1974.10   0.0120393   0.2364219
1974.15   0.0121774   0.2367069
1974.20   0.0123147   0.2369929
1974.25   0.0124514   0.2372798
1974.30   0.0125873   0.2375677
1974.35   0.0127225   0.2378566
1974.40   0.0128569   0.2381463
1974.45   0.0129906   0.2384370
1974.50   0.0131235   0.2387286
1974.55   0.0132556   0.2390211
1974.60   0.0133870   0.2393145
1974.65   0.0135176   0.2396088
1974.70   0.0136475   0.2399039
1974.75   0.0137765   0.2401999
1974.80   0.0139048   0.2404967
1974.85   0.0140323   0.2407943
1974.90   0.0141590   0.2410927
1974.95   0.0142849   0.2413919
1975.00   0.0144100   0.2416919
1975.05   0.0145344   0.2419926
1975.10   0.0146580   0.2422941
1975.15   0.0147808   0.2425963
1975.20   0.0149028   0.2428992
1975.25   0.0150241   0.2432028
1975.30   0.0151446   0.2435071
1975.35   0.0152643   0.2438120
1975.40   0.0153833   0.2441175
1975.45   0.0155016   0.2444236
1975.50   0.0156191   0.2447304
1975.55   0.0157359   0.2450376
1975.60   0.0158519   0.2453455
1975.65   0.0159673   0.2456539
1975.70   0.0160819   0.2459627
1975.75   0.0161959   0.2462721
1975.80   0.0163092   0.2465819
1975.85   0.0164218   0.2468921
1975.90   0.0165337   0.2472028
1975.95   0.0166451   0.2475138
1976.00   0.0167557   0.2478253
1976.05   0.0168658   0.2481370
1976.10   0.0169753   0.2484491
1976.15   0.0170841   0.2487614
1976.20   0.0171924   0.2490740
1976.25   0.0173002   0.2493869
1976.30   0.0174074   0.2497000
1976.35   0.0175140   0.2500132
1976.40   0.0176202   0.2503267
1976.45   0.0177259   0.2506402
1976.50   0.0178311   0.2509539
1976.55   0.0179358   0.2512676
1976.60   0.0180401   0.2515814
1976.65   0.0181439   0.2518952
1976.70   0.0182474   0.2522090
1976.75   0.0183505   0.2525228
1976.80   0.0184532   0.2528365
1976.85   0.0185556   0.2531501
1976.90   0.0186576   0.2534636
1976.95   0.0187593   0.2537770
1977.00   0.0188608   0.2540902
1977.05   0.0189619   0.2544031
1977.10   0.0190628   0.2547159
1977.15   0.0191635   0.2550283
1977.20   0.0192640   0.2553405
1977.25   0.0193643   0.2556524
1977.30   0.0194644   0.2559639
1977.35   0.0195643   0.2562750
1977.40   0.0196642   0.2565857
1977.45   0.0197639   0.2568960
1977.50   0.0198635   0.2572058
1977.55   0.0199631   0.2575151
1977.60   0.0200626   0.2578238
1977.65   0.0201620   0.2581321
1977.70   0.0202615   0.2584397
1977.75   0.0203609   0.2587467
1977.80   0.0204604   0.2590530
1977.85   0.0205599   0.2593587
1977.90   0.0206595   0.2596636
1977.95   0.0207592   0.2599678
1978.00   0.0208590   0.2602713
1978.05   0.0209588   0.2605739
1978.10   0.0210589   0.2608758
1978.15   0.0211590   0.2611767
1978.20   0.0212594   0.2614768
1978.25   0.0213599   0.2617760
1978.30   0.0214606   0.2620742
1978.35   0.0215615   0.2623715
1978.40   0.0216627   0.2626678
1978.45   0.0217641   0.2629631
1978.50   0.0218658   0.2632573
1978.55   0.0219678   0.2635504
1978.60   0.0220700   0.2638425
1978.65   0.0221726   0.2641334
1978.70   0.0222755   0.2644231
1978.75   0.0223787   0.2647117
1978.80   0.0224822   0.2649991
1978.85   0.0225861   0.2652852
1978.90   0.0226904   0.2655701
1978.95   0.0227950   0.2658537
1979.00   0.0229000   0.2661360
1979.05   0.0230055   0.2664170
1979.10   0.0231113   0.2666966
1979.15   0.0232175   0.2669749
1979.20   0.0233242   0.2672518
1979.25   0.0234313   0.2675273
1979.30   0.0235388   0.2678013
1979.35   0.0236468   0.2680739
1979.40   0.0237552   0.2683450
1979.45   0.0238641   0.2686146
1979.50   0.0239734   0.2688827
1979.55   0.0240832   0.2691493
1979.60   0.0241934   0.2694143
1979.65   0.0243041   0.2696778
1979.70   0.0244153   0.2699397
1979.75   0.0245270   0.2702000
1979.80   0.0246391   0.2704586
1979.85   0.0247517   0.2707157
1979.90   0.0248648   0.2709711
1979.95   0.0249784   0.2712249
1980.00   0.0250924   0.2714770
1980.05   0.0252069   0.2717275
1980.10   0.0253218   0.2719762
1980.15   0.0254373   0.2722233
1980.20   0.0255532   0.2724686
1980.25   0.0256695   0.2727123
1980.30   0.0257863   0.2729542
1980.35   0.0259035   0.2731944
1980.40   0.0260212   0.2734328
1980.45   0.0261393   0.2736696
1980.50   0.0262579   0.2739045
1980.55   0.0263769   0.2741378
1980.60   0.0264962   0.2743692
1980.65   0.0266160   0.2745990
1980.70   0.0267362   0.2748269
1980.75   0.0268568   0.2750532
1980.80   0.0269777   0.2752776
1980.85   0.0270990   0.2755003
1980.90   0.0272207   0.2757213
1980.95   0.0273427   0.2759405
1981.00   0.0274650   0.2761579
1981.05   0.0275877   0.2763736
1981.10   0.0277106   0.2765876
1981.15   0.0278339   0.2767999
1981.20   0.0279574   0.2770104
1981.25   0.0280812   0.2772192
1981.30   0.0282053   0.2774263
1981.35   0.0283295   0.2776317
1981.40   0.0284540   0.2778354
1981.45   0.0285788   0.2780375
1981.50   0.0287036   0.2782379
1981.55   0.0288287   0.2784366
1981.60   0.0289539   0.2786337
1981.65   0.0290793   0.2788292
1981.70   0.0292048   0.2790231
1981.75   0.0293304   0.2792153
1981.80   0.0294561   0.2794061
1981.85   0.0295818   0.2795952
1981.90   0.0297076   0.2797828
1981.95   0.0298334   0.2799690
1982.00   0.0299593   0.2801536
1982.05   0.0300851   0.2803367
1982.10   0.0302109   0.2805184
1982.15   0.0303366   0.2806987
1982.20   0.0304623   0.2808775
1982.25   0.0305880   0.2810550
1982.30   0.0307135   0.2812311
1982.35   0.0308389   0.2814059
1982.40   0.0309641   0.2815794
1982.45   0.0310892   0.2817517
1982.50   0.0312141   0.2819226
1982.55   0.0313388   0.2820924
1982.60   0.0314632   0.2822609
1982.65   0.0315874   0.2824284
1982.70   0.0317114   0.2825946
1982.75   0.0318351   0.2827598
1982.80   0.0319584   0.2829239
1982.85   0.0320815   0.2830870
1982.90   0.0322041   0.2832490
1982.95   0.0323265   0.2834101
1983.00   0.0324484   0.2835703
1983.05   0.0325699   0.2837296
1983.10   0.0326910   0.2838879
1983.15   0.0328117   0.2840455
1983.20   0.0329319   0.2842023
1983.25   0.0330516   0.2843583
1983.30   0.0331707   0.2845135
1983.35   0.0332894   0.2846681
1983.40   0.0334075   0.2848220
1983.45   0.0335251   0.2849753
1983.50   0.0336420   0.2851281
1983.55   0.0337584   0.2852803
1983.60   0.0338741   0.2854319
1983.65   0.0339892   0.2855831
1983.70   0.0341037   0.2857339
1983.75   0.0342174   0.2858843
1983.80   0.0343305   0.2860344
1983.85   0.0344429   0.2861841
1983.90   0.0345545   0.2863335
1983.95   0.0346654   0.2864827
1984.00   0.0347755   0.2866317
1984.05   0.0348849   0.2867806
1984.10   0.0349934   0.2869293
1984.15   0.0351011   0.2870779
1984.20   0.0352080   0.2872265
1984.25   0.0353141   0.2873750
1984.30   0.0354193   0.2875236
1984.35   0.0355236   0.2876723
1984.40   0.0356271   0.2878210
1984.45   0.0357296   0.2879699
1984.50   0.0358313   0.2881189
1984.55   0.0359320   0.2882682
1984.60   0.0360317   0.2884177
1984.65   0.0361306   0.2885675
1984.70   0.0362284   0.2887176
1984.75   0.0363253   0.2888680
1984.80   0.0364211   0.2890189
1984.85   0.0365160   0.2891701
1984.90   0.0366099   0.2893218
1984.95   0.0367027   0.2894740
1985.00   0.0367945   0.2896267
1985.05   0.0368853   0.2897799
1985.10   0.0369750   0.2899338
1985.15   0.0370637   0.2900882
1985.20   0.0371513   0.2902432
1985.25   0.0372378   0.2903990
1985.30   0.0373232   0.2905554
1985.35   0.0374075   0.2907126
1985.40   0.0374908   0.2908705
1985.45   0.0375729   0.2910292
1985.50   0.0376539   0.2911887
1985.55   0.0377338   0.2913490
1985.60   0.0378125   0.2915102
1985.65   0.0378902   0.2916722
1985.70   0.0379666   0.2918352
1985.75   0.0380420   0.2919990
1985.80   0.0381162   0.2921639
1985.85   0.0381892   0.2923296
1985.90   0.0382611   0.2924964
1985.95   0.0383319   0.2926642
1986.00   0.0384015   0.2928330
1986.05   0.0384699   0.2930028
1986.10   0.0385371   0.2931737
1986.15   0.0386032   0.2933457
1986.20   0.0386681   0.2935187
1986.25   0.0387319   0.2936929
1986.30   0.0387944   0.2938681
1986.35   0.0388558   0.2940445
1986.40   0.0389160   0.2942220
1986.45   0.0389751   0.2944006
1986.50   0.0390330   0.2945805
1986.55   0.0390897   0.2947614
1986.60   0.0391452   0.2949436
1986.65   0.0391995   0.2951269
1986.70   0.0392527   0.2953114
1986.75   0.0393047   0.2954970
1986.80   0.0393556   0.2956839
1986.85   0.0394052   0.2958720
1986.90   0.0394537   0.2960612
1986.95   0.0395011   0.2962516
1987.00   0.0395473   0.2964433
1987.05   0.0395923   0.2966361
1987.10   0.0396362   0.2968301
1987.15   0.0396789   0.2970253
1987.20   0.0397205   0.2972217
1987.25   0.0397610   0.2974193
1987.30   0.0398003   0.2976181
1987.35   0.0398384   0.2978180
1987.40   0.0398755   0.2980191
1987.45   0.0399114   0.2982213
1987.50   0.0399462   0.2984247
1987.55   0.0399798   0.2986292
1987.60   0.0400124   0.2988348
1987.65   0.0400439   0.2990416
1987.70   0.0400742   0.2992494
1987.75   0.0401035   0.2994584
1987.80   0.0401317   0.2996684
1987.85   0.0401588   0.2998794
1987.90   0.0401848   0.3000916
1987.95   0.0402097   0.3003047
1988.00   0.0402336   0.3005189
1988.05   0.0402564   0.3007340
1988.10   0.0402782   0.3009502
1988.15   0.0402989   0.3011673
1988.20   0.0403186   0.3013853
1988.25   0.0403373   0.3016043
1988.30   0.0403549   0.3018241
1988.35   0.0403715   0.3020449
1988.40   0.0403872   0.3022665
1988.45   0.0404018   0.3024889
1988.50   0.0404154   0.3027122
1988.55   0.0404280   0.3029362
1988.60   0.0404397   0.3031610
1988.65   0.0404504   0.3033865
1988.70   0.0404602   0.3036128
1988.75   0.0404689   0.3038397
1988.80   0.0404768   0.3040673
1988.85   0.0404837   0.3042955
1988.90   0.0404897   0.3045244
1988.95   0.0404948   0.3047538
1989.00   0.0404989   0.3049838
1989.05   0.0405022   0.3052143
1989.10   0.0405046   0.3054454
1989.15   0.0405061   0.3056768
1989.20   0.0405067   0.3059088
1989.25   0.0405065   0.3061411
1989.30   0.0405055   0.3063738
1989.35   0.0405035   0.3066069
1989.40   0.0405008   0.3068403
1989.45   0.0404973   0.3070740
1989.50   0.0404929   0.3073079
1989.55   0.0404877   0.3075421
1989.60   0.0404818   0.3077765
1989.65   0.0404751   0.3080111
1989.70   0.0404676   0.3082458
1989.75   0.0404594   0.3084805
1989.80   0.0404504   0.3087154
1989.85   0.0404407   0.3089503
1989.90   0.0404302   0.3091853
1989.95   0.0404191   0.3094202
1990.00   0.0404073   0.3096550
1990.05   0.0403948   0.3098898
1990.10   0.0403816   0.3101245
1990.15   0.0403678   0.3103590
1990.20   0.0403533   0.3105933
1990.25   0.0403382   0.3108275
1990.30   0.0403224   0.3110613
1990.35   0.0403061   0.3112950
1990.40   0.0402891   0.3115283
1990.45   0.0402716   0.3117612
1990.50   0.0402535   0.3119939
1990.55   0.0402349   0.3122261
1990.60   0.0402157   0.3124579
1990.65   0.0401960   0.3126892
1990.70   0.0401758   0.3129200
1990.75   0.0401551   0.3131503
1990.80   0.0401339   0.3133801
1990.85   0.0401123   0.3136093
1990.90   0.0400902   0.3138379
1990.95   0.0400676   0.3140658
1991.00   0.0400447   0.3142931
1991.05   0.0400213   0.3145197
1991.10   0.0399976   0.3147455
1991.15   0.0399734   0.3149706
1991.20   0.0399489   0.3151949
1991.25   0.0399241   0.3154184
1991.30   0.0398989   0.3156411
1991.35   0.0398735   0.3158629
1991.40   0.0398477   0.3160838
1991.45   0.0398217   0.3163038
1991.50   0.0397954   0.3165229
1991.55   0.0397688   0.3167410
1991.60   0.0397420   0.3169581
1991.65   0.0397150   0.3171742
1991.70   0.0396879   0.3173892
1991.75   0.0396605   0.3176032
1991.80   0.0396330   0.3178161
1991.85   0.0396054   0.3180279
1991.90   0.0395776   0.3182385
1991.95   0.0395497   0.3184480
1992.00   0.0395218   0.3186563
1992.05   0.0394937   0.3188634
1992.10   0.0394657   0.3190693
1992.15   0.0394376   0.3192740
1992.20   0.0394094   0.3194774
1992.25   0.0393813   0.3196795
1992.30   0.0393532   0.3198803
1992.35   0.0393252   0.3200799
1992.40   0.0392972   0.3202780
1992.45   0.0392693   0.3204749
1992.50   0.0392415   0.3206703
1992.55   0.0392138   0.3208644
1992.60   0.0391863   0.3210571
1992.65   0.0391589   0.3212484
1992.70   0.0391317   0.3214383
1992.75   0.0391047   0.3216267
1992.80   0.0390778   0.3218137
1992.85   0.0390513   0.3219992
1992.90   0.0390249   0.3221833
1992.95   0.0389989   0.3223658
1993.00   0.0389731   0.3225469
1993.05   0.0389476   0.3227265
1993.10   0.0389225   0.3229045
1993.15   0.0388977   0.3230810
1993.20   0.0388732   0.3232560
1993.25   0.0388492   0.3234295
1993.30   0.0388255   0.3236014
1993.35   0.0388023   0.3237717
1993.40   0.0387795   0.3239405
1993.45   0.0387571   0.3241078
1993.50   0.0387353   0.3242734
1993.55   0.0387139   0.3244375
1993.60   0.0386930   0.3246000
1993.65   0.0386727   0.3247610
1993.70   0.0386528   0.3249203
1993.75   0.0386336   0.3250781
1993.80   0.0386149   0.3252343
1993.85   0.0385968   0.3253890
1993.90   0.0385794   0.3255420
1993.95   0.0385625   0.3256935
1994.00   0.0385464   0.3258433
1994.05   0.0385308   0.3259916
1994.10   0.0385160   0.3261384
1994.15   0.0385018   0.3262835
1994.20   0.0384884   0.3264271
1994.25   0.0384756   0.3265692
1994.30   0.0384636   0.3267097
1994.35   0.0384524   0.3268486
1994.40   0.0384419   0.3269860
1994.45   0.0384323   0.3271218
1994.50   0.0384234   0.3272562
1994.55   0.0384153   0.3273890
1994.60   0.0384081   0.3275203
1994.65   0.0384017   0.3276501
1994.70   0.0383961   0.3277784
1994.75   0.0383914   0.3279052
1994.80   0.0383876   0.3280305
1994.85   0.0383847   0.3281544
1994.90   0.0383826   0.3282768
1994.95   0.0383815   0.3283978
1995.00   0.0383813   0.3285174
1995.05   0.0383821   0.3286356
1995.10   0.0383838   0.3287523
1995.15   0.0383864   0.3288677
1995.20   0.0383900   0.3289817
1995.25   0.0383946   0.3290944
1995.30   0.0384002   0.3292057
1995.35   0.0384067   0.3293158
1995.40   0.0384143   0.3294245
1995.45   0.0384229   0.3295319
1995.50   0.0384325   0.3296380
1995.55   0.0384431   0.3297430
1995.60   0.0384548   0.3298466
1995.65   0.0384674   0.3299491
1995.70   0.0384812   0.3300503
1995.75   0.0384960   0.3301504
1995.80   0.0385118   0.3302494
1995.85   0.0385287   0.3303472
1995.90   0.0385467   0.3304439
1995.95   0.0385658   0.3305394
1996.00   0.0385859   0.3306340
1996.05   0.0386071   0.3307274
1996.10   0.0386294   0.3308198
1996.15   0.0386528   0.3309113
1996.20   0.0386773   0.3310017
1996.25   0.0387029   0.3310912
1996.30   0.0387296   0.3311797
1996.35   0.0387573   0.3312673
1996.40   0.0387862   0.3313540
1996.45   0.0388162   0.3314398
1996.50   0.0388473   0.3315248
1996.55   0.0388794   0.3316090
1996.60   0.0389127   0.3316923
1996.65   0.0389471   0.3317749
1996.70   0.0389826   0.3318567
1996.75   0.0390192   0.3319378
1996.80   0.0390569   0.3320182
1996.85   0.0390957   0.3320979
1996.90   0.0391355   0.3321769
1996.95   0.0391765   0.3322553
1997.00   0.0392186   0.3323330
1997.05   0.0392618   0.3324102
1997.10   0.0393060   0.3324868
1997.15   0.0393513   0.3325629
1997.20   0.0393978   0.3326385
1997.25   0.0394452   0.3327136
1997.30   0.0394938   0.3327882
1997.35   0.0395434   0.3328623
1997.40   0.0395941   0.3329361
1997.45   0.0396459   0.3330094
1997.50   0.0396987   0.3330824
1997.55   0.0397526   0.3331550
1997.60   0.0398075   0.3332273
1997.65   0.0398634   0.3332992
1997.70   0.0399204   0.3333709
1997.75   0.0399784   0.3334424
1997.80   0.0400374   0.3335136
1997.85   0.0400974   0.3335846
1997.90   0.0401584   0.3336554
1997.95   0.0402204   0.3337260
1998.00   0.0402834   0.3337964
1998.05   0.0403474   0.3338668
1998.10   0.0404124   0.3339370
1998.15   0.0404784   0.3340072
1998.20   0.0405453   0.3340773
1998.25   0.0406131   0.3341473
1998.30   0.0406819   0.3342173
1998.35   0.0407517   0.3342873
1998.40   0.0408223   0.3343573
1998.45   0.0408939   0.3344274
1998.50   0.0409664   0.3344975
1998.55   0.0410398   0.3345677
1998.60   0.0411141   0.3346379
1998.65   0.0411893   0.3347083
1998.70   0.0412653   0.3347787
1998.75   0.0413422   0.3348493
1998.80   0.0414200   0.3349201
1998.85   0.0414987   0.3349910
1998.90   0.0415782   0.3350621
1998.95   0.0416585   0.3351334
1999.00   0.0417396   0.3352049
1999.05   0.0418216   0.3352766
1999.10   0.0419043   0.3353485
1999.15   0.0419879   0.3354207
1999.20   0.0420723   0.3354932
1999.25   0.0421574   0.3355659
1999.30   0.0422433   0.3356389
1999.35   0.0423300   0.3357122
1999.40   0.0424175   0.3357857
1999.45   0.0425056   0.3358596
1999.50   0.0425946   0.3359338
1999.55   0.0426843   0.3360084
1999.60   0.0427747   0.3360832
1999.65   0.0428658   0.3361584
1999.70   0.0429576   0.3362340
1999.75   0.0430502   0.3363099
1999.80   0.0431434   0.3363861
1999.85   0.0432373   0.3364627
1999.90   0.0433320   0.3365397
1999.95   0.0434273   0.3366170
2000.00   0.0435232   0.3366947
2000.05   0.0436199   0.3367728
2000.10   0.0437172   0.3368513
2000.15   0.0438152   0.3369301
2000.20   0.0439138   0.3370093
2000.25   0.0440131   0.3370888
2000.30   0.0441130   0.3371688
2000.35   0.0442135   0.3372491
2000.40   0.0443147   0.3373297
2000.45   0.0444166   0.3374108
2000.50   0.0445190   0.3374922
2000.55   0.0446221   0.3375739
2000.60   0.0447258   0.3376560
2000.65   0.0448301   0.3377385
2000.70   0.0449351   0.3378213
2000.75   0.0450406   0.3379044
2000.80   0.0451468   0.3379878
2000.85   0.0452536   0.3380716
2000.90   0.0453610   0.3381557
2000.95   0.0454690   0.3382401
2001.00   0.0455776   0.3383247
2001.05   0.0456869   0.3384097
2001.10   0.0457968   0.3384949
2001.15   0.0459072   0.3385804
2001.20   0.0460184   0.3386661
2001.25   0.0461301   0.3387521
2001.30   0.0462424   0.3388383
2001.35   0.0463554   0.3389247
2001.40   0.0464690   0.3390113
2001.45   0.0465832   0.3390981
2001.50   0.0466981   0.3391850
2001.55   0.0468136   0.3392721
2001.60   0.0469298   0.3393593
2001.65   0.0470466   0.3394467
2001.70   0.0471640   0.3395342
2001.75   0.0472821   0.3396217
2001.80   0.0474009   0.3397093
2001.85   0.0475204   0.3397970
2001.90   0.0476405   0.3398847
2001.95   0.0477614   0.3399724
2002.00   0.0478829   0.3400602
2002.05   0.0480051   0.3401479
2002.10   0.0481280   0.3402355
2002.15   0.0482517   0.3403231
2002.20   0.0483760   0.3404106
2002.25   0.0485012   0.3404980
2002.30   0.0486270   0.3405853
2002.35   0.0487536   0.3406724
2002.40   0.0488810   0.3407594
2002.45   0.0490092   0.3408462
2002.50   0.0491381   0.3409327
2002.55   0.0492678   0.3410191
2002.60   0.0493984   0.3411052
2002.65   0.0495297   0.3411910
2002.70   0.0496619   0.3412765
2002.75   0.0497949   0.3413617
2002.80   0.0499288   0.3414466
2002.85   0.0500636   0.3415310
2002.90   0.0501992   0.3416151
2002.95   0.0503357   0.3416988
2003.00   0.0504731   0.3417821
2003.05   0.0506114   0.3418649
2003.10   0.0507507   0.3419472
2003.15   0.0508909   0.3420290
2003.20   0.0510320   0.3421103
2003.25   0.0511741   0.3421911
2003.30   0.0513172   0.3422713
2003.35   0.0514613   0.3423508
2003.40   0.0516064   0.3424298
2003.45   0.0517525   0.3425082
2003.50   0.0518996   0.3425858
2003.55   0.0520478   0.3426629
2003.60   0.0521970   0.3427392
2003.65   0.0523473   0.3428147
2003.70   0.0524987   0.3428896
2003.75   0.0526512   0.3429637
2003.80   0.0528047   0.3430370
2003.85   0.0529594   0.3431095
2003.90   0.0531153   0.3431811
2003.95   0.0532722   0.3432520
2004.00   0.0534304   0.3433220
2004.05   0.0535897   0.3433910
2004.10   0.0537501   0.3434592
2004.15   0.0539118   0.3435265
2004.20   0.0540747   0.3435929
2004.25   0.0542387   0.3436583
2004.30   0.0544040   0.3437227
2004.35   0.0545706   0.3437862
2004.40   0.0547383   0.3438486
2004.45   0.0549074   0.3439101
2004.50   0.0550776   0.3439705
2004.55   0.0552492   0.3440299
2004.60   0.0554220   0.3440883
2004.65   0.0555962   0.3441455
2004.70   0.0557716   0.3442017
2004.75   0.0559483   0.3442568
2004.80   0.0561263   0.3443109
2004.85   0.0563056   0.3443638
2004.90   0.0564863   0.3444156
2004.95   0.0566683   0.3444662
2005.00   0.0568516   0.3445158
2005.05   0.0570362   0.3445642
2005.10   0.0572222   0.3446114
2005.15   0.0574095   0.3446576
2005.20   0.0575982   0.3447025
2005.25   0.0577882   0.3447463
2005.30   0.0579795   0.3447889
2005.35   0.0581722   0.3448304
2005.40   0.0583663   0.3448707
2005.45   0.0585617   0.3449098
2005.50   0.0587584   0.3449478
2005.55   0.0589565   0.3449845
2005.60   0.0591560   0.3450202
2005.65   0.0593567   0.3450546
2005.70   0.0595589   0.3450879
2005.75   0.0597623   0.3451200
2005.80   0.0599671   0.3451510
2005.85   0.0601732   0.3451809
2005.90   0.0603806   0.3452096
2005.95   0.0605894   0.3452371
2006.00   0.0607994   0.3452635
2006.05   0.0610108   0.3452888
2006.10   0.0612234   0.3453130
2006.15   0.0614374   0.3453361
2006.20   0.0616526   0.3453581
2006.25   0.0618690   0.3453791
2006.30   0.0620868   0.3453989
2006.35   0.0623057   0.3454178
2006.40   0.0625259   0.3454355
2006.45   0.0627473   0.3454523
2006.50   0.0629699   0.3454681
2006.55   0.0631937   0.3454828
2006.60   0.0634187   0.3454966
2006.65   0.0636449   0.3455095
2006.70   0.0638721   0.3455214
2006.75   0.0641006   0.3455323
2006.80   0.0643301   0.3455424
2006.85   0.0645607   0.3455517
2006.90   0.0647924   0.3455600
2006.95   0.0650252   0.3455676
2007.00   0.0652590   0.3455743
2007.05   0.0654939   0.3455802
2007.10   0.0657297   0.3455854
2007.15   0.0659665   0.3455899
2007.20   0.0662043   0.3455936
2007.25   0.0664431   0.3455966
2007.30   0.0666827   0.3455990
2007.35   0.0669233   0.3456008
2007.40   0.0671647   0.3456020
2007.45   0.0674070   0.3456026
2007.50   0.0676502   0.3456026
2007.55   0.0678941   0.3456022
2007.60   0.0681388   0.3456012
2007.65   0.0683843   0.3455998
2007.70   0.0686306   0.3455979
2007.75   0.0688775   0.3455957
2007.80   0.0691252   0.3455931
2007.85   0.0693735   0.3455902
2007.90   0.0696224   0.3455870
2007.95   0.0698720   0.3455835
2008.00   0.0701222   0.3455797
2008.05   0.0703729   0.3455758
2008.10   0.0706242   0.3455717
2008.15   0.0708760   0.3455674
2008.20   0.0711282   0.3455631
2008.25   0.0713810   0.3455587
2008.30   0.0716342   0.3455542
2008.35   0.0718878   0.3455498
2008.40   0.0721418   0.3455453
2008.45   0.0723961   0.3455410
2008.50   0.0726508   0.3455367
2008.55   0.0729058   0.3455326
2008.60   0.0731611   0.3455286
2008.65   0.0734167   0.3455248
2008.70   0.0736725   0.3455213
2008.75   0.0739285   0.3455180
2008.80   0.0741847   0.3455150
2008.85   0.0744410   0.3455123
2008.90   0.0746975   0.3455100
2008.95   0.0749541   0.3455081
2009.00   0.0752108   0.3455067
2009.05   0.0754676   0.3455057
2009.10   0.0757244   0.3455051
2009.15   0.0759812   0.3455051
2009.20   0.0762380   0.3455057
2009.25   0.0764948   0.3455068
2009.30   0.0767516   0.3455086
2009.35   0.0770082   0.3455110
2009.40   0.0772648   0.3455141
2009.45   0.0775213   0.3455178
2009.50   0.0777777   0.3455223
2009.55   0.0780339   0.3455276
2009.60   0.0782899   0.3455336
2009.65   0.0785457   0.3455405
2009.70   0.0788014   0.3455481
2009.75   0.0790568   0.3455567
2009.80   0.0793119   0.3455661
2009.85   0.0795668   0.3455764
2009.90   0.0798215   0.3455877
2009.95   0.0800758   0.3455999
2010.00   0.0803298   0.3456131
2010.05   0.0805835   0.3456273
2010.10   0.0808369   0.3456425
2010.15   0.0810899   0.3456588
2010.20   0.0813425   0.3456761
2010.25   0.0815947   0.3456944
2010.30   0.0818466   0.3457139
2010.35   0.0820980   0.3457344
2010.40   0.0823491   0.3457561
2010.45   0.0825997   0.3457789
2010.50   0.0828499   0.3458029
2010.55   0.0830996   0.3458280
2010.60   0.0833489   0.3458543
2010.65   0.0835977   0.3458818
2010.70   0.0838460   0.3459104
2010.75   0.0840938   0.3459403
2010.80   0.0843412   0.3459713
2010.85   0.0845881   0.3460036
2010.90   0.0848345   0.3460371
2010.95   0.0850804   0.3460718
2011.00   0.0853257   0.3461077
2011.05   0.0855706   0.3461449
2011.10   0.0858150   0.3461833
2011.15   0.0860588   0.3462229
2011.20   0.0863021   0.3462637
2011.25   0.0865449   0.3463058
2011.30   0.0867872   0.3463491
2011.35   0.0870289   0.3463937
2011.40   0.0872702   0.3464394
2011.45   0.0875109   0.3464864
2011.50   0.0877511   0.3465346
2011.55   0.0879907   0.3465839
2011.60   0.0882299   0.3466345
2011.65   0.0884685   0.3466863
2011.70   0.0887066   0.3467392
2011.75   0.0889443   0.3467933
2011.80   0.0891814   0.3468485
2011.85   0.0894180   0.3469049
2011.90   0.0896541   0.3469624
2011.95   0.0898897   0.3470210
2012.00   0.0901249   0.3470807
2012.05   0.0903595   0.3471415
2012.10   0.0905937   0.3472034
2012.15   0.0908274   0.3472663
2012.20   0.0910607   0.3473302
2012.25   0.0912935   0.3473952
2012.30   0.0915258   0.3474611
2012.35   0.0917578   0.3475280
2012.40   0.0919892   0.3475958
2012.45   0.0922203   0.3476646
2012.50   0.0924509   0.3477342
2012.55   0.0926812   0.3478048
2012.60   0.0929110   0.3478761
2012.65   0.0931405   0.3479484
2012.70   0.0933696   0.3480214
2012.75   0.0935983   0.3480952
2012.80   0.0938266   0.3481697
2012.85   0.0940546   0.3482450
2012.90   0.0942823   0.3483209
2012.95   0.0945096   0.3483976
2013.00   0.0947366   0.3484748
2013.05   0.0949633   0.3485527
2013.10   0.0951897   0.3486312
2013.15   0.0954158   0.3487102
2013.20   0.0956416   0.3487897
2013.25   0.0958671   0.3488698
2013.30   0.0960924   0.3489503
2013.35   0.0963175   0.3490312
2013.40   0.0965423   0.3491125
2013.45   0.0967669   0.3491942
2013.50   0.0969912   0.3492763
2013.55   0.0972154   0.3493586
2013.60   0.0974393   0.3494412
2013.65   0.0976631   0.3495241
2013.70   0.0978867   0.3496072
2013.75   0.0981101   0.3496905
2013.80   0.0983333   0.3497739
2013.85   0.0985564   0.3498575
2013.90   0.0987794   0.3499411
2013.95   0.0990022   0.3500248
2014.00   0.0992249   0.3501085
2014.05   0.0994475   0.3501923
2014.10   0.0996700   0.3502760
2014.15   0.0998924   0.3503596
2014.20   0.1001147   0.3504431
2014.25   0.1003369   0.3505266
2014.30   0.1005591   0.3506098
2014.35   0.1007812   0.3506929
2014.40   0.1010032   0.3507758
2014.45   0.1012252   0.3508585
2014.50   0.1014471   0.3509409
2014.55   0.1016690   0.3510230
2014.60   0.1018909   0.3511047
2014.65   0.1021127   0.3511862
2014.70   0.1023345   0.3512672
2014.75   0.1025563   0.3513479
2014.80   0.1027781   0.3514282
2014.85   0.1029999   0.3515080
2014.90   0.1032216   0.3515873
2014.95   0.1034434   0.3516661
2015.00   0.1036652   0.3517444
2015.05   0.1038870   0.3518222
2015.10   0.1041088   0.3518995
2015.15   0.1043306   0.3519761
2015.20   0.1045524   0.3520522
2015.25   0.1047742   0.3521276
2015.30   0.1049961   0.3522024
2015.35   0.1052180   0.3522765
2015.40   0.1054399   0.3523500
2015.45   0.1056618   0.3524228
2015.50   0.1058838   0.3524949
2015.55   0.1061057   0.3525663
2015.60   0.1063277   0.3526369
2015.65   0.1065497   0.3527068
2015.70   0.1067717   0.3527759
2015.75   0.1069938   0.3528443
2015.80   0.1072158   0.3529119
2015.85   0.1074379   0.3529787
2015.90   0.1076600   0.3530447
2015.95   0.1078821   0.3531098
2016.00   0.1081041   0.3531742
2016.05   0.1083262   0.3532378
2016.10   0.1085483   0.3533005
2016.15   0.1087704   0.3533624
2016.20   0.1089924   0.3534234
2016.25   0.1092144   0.3534837
2016.30   0.1094364   0.3535430
2016.35   0.1096584   0.3536016
2016.40   0.1098803   0.3536592
2016.45   0.1101022   0.3537161
2016.50   0.1103240   0.3537720
2016.55   0.1105458   0.3538272
2016.60   0.1107675   0.3538815
2016.65   0.1109892   0.3539349
2016.70   0.1112107   0.3539876
2016.75   0.1114322   0.3540393
2016.80   0.1116535   0.3540903
2016.85   0.1118748   0.3541404
2016.90   0.1120959   0.3541898
2016.95   0.1123169   0.3542383
2017.00   0.1125377   0.3542860
2017.05   0.1127585   0.3543329
2017.10   0.1129790   0.3543791
2017.15   0.1131994   0.3544244
2017.20   0.1134196   0.3544690
2017.25   0.1136396   0.3545129
2017.30   0.1138594   0.3545560
2017.35   0.1140791   0.3545984
2017.40   0.1142984   0.3546401
2017.45   0.1145176   0.3546810
2017.50   0.1147365   0.3547213
2017.55   0.1149551   0.3547610
2017.60   0.1151735   0.3547999
2017.65   0.1153915   0.3548382
2017.70   0.1156093   0.3548759
2017.75   0.1158268   0.3549130
2017.80   0.1160439   0.3549495
2017.85   0.1162607   0.3549854
2017.90   0.1164772   0.3550208
2017.95   0.1166933   0.3550556
2018.00   0.1169090   0.3550899
2018.05   0.1171243   0.3551237
2018.10   0.1173392   0.3551570
2018.15   0.1175538   0.3551899
2018.20   0.1177678   0.3552223
2018.25   0.1179815   0.3552543
2018.30   0.1181946   0.3552859
2018.35   0.1184073   0.3553171
2018.40   0.1186195   0.3553479
2018.45   0.1188313   0.3553784
2018.50   0.1190425   0.3554086
2018.55   0.1192531   0.3554384
2018.60   0.1194633   0.3554680
2018.65   0.1196729   0.3554974
2018.70   0.1198819   0.3555265
2018.75   0.1200903   0.3555554
2018.80   0.1202981   0.3555841
2018.85   0.1205054   0.3556126
2018.90   0.1207120   0.3556410
2018.95   0.1209179   0.3556692
2019.00   0.1211233   0.3556973
2019.05   0.1213279   0.3557254
2019.10   0.1215319   0.3557534
2019.15   0.1217352   0.3557813
2019.20   0.1219378   0.3558092
2019.25   0.1221397   0.3558371
2019.30   0.1223408   0.3558650
2019.35   0.1225413   0.3558930
2019.40   0.1227409   0.3559210
2019.45   0.1229398   0.3559491
2019.50   0.1231380   0.3559773
2019.55   0.1233353   0.3560057
2019.60   0.1235318   0.3560341
2019.65   0.1237276   0.3560627
2019.70   0.1239225   0.3560915
2019.75   0.1241166   0.3561205
2019.80   0.1243098   0.3561497
2019.85   0.1245022   0.3561792
2019.90   0.1246938   0.3562089
2019.95   0.1248844   0.3562388
2020.00   0.1250742   0.3562691
2020.05   0.1252631   0.3562996
2020.10   0.1254511   0.3563305
2020.15   0.1256382   0.3563617
2020.20   0.1258243   0.3563932
2020.25   0.1260096   0.3564252
2020.30   0.1261939   0.3564575
2020.35   0.1263772   0.3564902
2020.40   0.1265596   0.3565233
2020.45   0.1267411   0.3565568
2020.50   0.1269216   0.3565908
2020.55   0.1271011   0.3566252
2020.60   0.1272797   0.3566601
2020.65   0.1274572   0.3566954
2020.70   0.1276338   0.3567313
2020.75   0.1278094   0.3567676
2020.80   0.1279840   0.3568044
2020.85   0.1281575   0.3568418
2020.90   0.1283301   0.3568797
2020.95   0.1285017   0.3569182
2021.00   0.1286722   0.3569571
2021.05   0.1288417   0.3569967
2021.10   0.1290102   0.3570368
2021.15   0.1291777   0.3570775
2021.20   0.1293442   0.3571187
2021.25   0.1295096   0.3571606
2021.30   0.1296740   0.3572030
2021.35   0.1298373   0.3572461
2021.40   0.1299996   0.3572897
2021.45   0.1301609   0.3573340
2021.50   0.1303211   0.3573788
2021.55   0.1304804   0.3574243
2021.60   0.1306385   0.3574704
2021.65   0.1307957   0.3575171
2021.70   0.1309517   0.3575645
2021.75   0.1311068   0.3576125
2021.80   0.1312608   0.3576611
2021.85   0.1314138   0.3577104
2021.90   0.1315658   0.3577603
2021.95   0.1317167   0.3578108
2022.00   0.1318666   0.3578620
2022.05   0.1320155   0.3579138
2022.10   0.1321633   0.3579662
2022.15   0.1323102   0.3580193
2022.20   0.1324560   0.3580730
2022.25   0.1326008   0.3581273
2022.30   0.1327446   0.3581823
2022.35   0.1328874   0.3582379
2022.40   0.1330292   0.3582941
2022.45   0.1331700   0.3583509
2022.50   0.1333098   0.3584084
2022.55   0.1334487   0.3584665
2022.60   0.1335865   0.3585252
2022.65   0.1337234   0.3585845
2022.70   0.1338593   0.3586444
2022.75   0.1339942   0.3587049
2022.80   0.1341282   0.3587660
2022.85   0.1342613   0.3588277
2022.90   0.1343934   0.3588899
2022.95   0.1345245   0.3589528
2023.00   0.1346547   0.3590162
2023.05   0.1347841   0.3590802
2023.10   0.1349124   0.3591447
2023.15   0.1350399   0.3592098
2023.20   0.1351665   0.3592754
2023.25   0.1352922   0.3593416
2023.30   0.1354170   0.3594083
2023.35   0.1355409   0.3594755
2023.40   0.1356640   0.3595432
2023.45   0.1357862   0.3596115
2023.50   0.1359075   0.3596802
2023.55   0.1360280   0.3597494
2023.60   0.1361477   0.3598191
2023.65   0.1362665   0.3598892
2023.70   0.1363846   0.3599599
2023.75   0.1365018   0.3600309
2023.80   0.1366182   0.3601025
2023.85   0.1367338   0.3601744
2023.90   0.1368486   0.3602468
2023.95   0.1369627   0.3603196
2024.00   0.1370760   0.3603928
2024.05   0.1371885   0.3604664
2024.10   0.1373003   0.3605404
2024.15   0.1374114   0.3606147
2024.20   0.1375217   0.3606894
2024.25   0.1376313   0.3607645
2024.30   0.1377402   0.3608399
2024.35   0.1378485   0.3609157
2024.40   0.1379560   0.3609918
2024.45   0.1380628   0.3610682
2024.50   0.1381690   0.3611449
2024.55   0.1382745   0.3612219
2024.60   0.1383793   0.3612991
2024.65   0.1384835   0.3613767
2024.70   0.1385871   0.3614545
2024.75   0.1386901   0.3615326
2024.80   0.1387924   0.3616109
2024.85   0.1388941   0.3616895
2024.90   0.1389953   0.3617683
2024.95   0.1390958   0.3618472
2025.00   0.1391958   0.3619264
2025.05   0.1392952   0.3620058
2025.10   0.1393940   0.3620854
2025.15   0.1394923   0.3621651
2025.20   0.1395901   0.3622450
2025.25   0.1396873   0.3623251
2025.30   0.1397840   0.3624053
2025.35   0.1398802   0.3624856
2025.40   0.1399758   0.3625661
2025.45   0.1400710   0.3626466
2025.50   0.1401657   0.3627273
2025.55   0.1402599   0.3628080
2025.60   0.1403536   0.3628889
2025.65   0.1404469   0.3629698
2025.70   0.1405397   0.3630508
2025.75   0.1406321   0.3631318
2025.80   0.1407240   0.3632129
2025.85   0.1408155   0.3632940
2025.90   0.1409066   0.3633752
2025.95   0.1409973   0.3634563
2026.00   0.1410875   0.3635375
2026.05   0.1411774   0.3636187
2026.10   0.1412668   0.3636999
2026.15   0.1413559   0.3637810
2026.20   0.1414446   0.3638621
2026.25   0.1415329   0.3639432
2026.30   0.1416209   0.3640243
2026.35   0.1417085   0.3641053
2026.40   0.1417958   0.3641862
2026.45   0.1418827   0.3642671
2026.50   0.1419693   0.3643479
2026.55   0.1420556   0.3644286
2026.60   0.1421415   0.3645093
2026.65   0.1422272   0.3645898
